# took 21 seconds, so 10 fps which is pretty good (though curling the images
# would take longer)
images/test3/test1001.jpg,	
images/test3/test1002.jpg,	
images/test3/test1003.jpg,	
images/test3/test1004.jpg,	
images/test3/test1005.jpg,	
images/test3/test1006.jpg,	
images/test3/test1007.jpg,	
images/test3/test1008.jpg,	
images/test3/test1009.jpg,	
images/test3/test1010.jpg,	
images/test3/test1011.jpg,	
images/test3/test1012.jpg,	
images/test3/test1013.jpg,	
images/test3/test1014.jpg,	
images/test3/test1015.jpg,	
images/test3/test1016.jpg,	
images/test3/test1017.jpg,	
images/test3/test1018.jpg,	
images/test3/test1019.jpg,	
images/test3/test1020.jpg,	
images/test3/test1021.jpg,	
0.00642841,	1,	0.57725,	355.004,	58.0858,	351.158,	87.1265,	
images/test3/test1022.jpg,	
0.00662442,	1,	0.624176,	361.891,	59.0969,	355.84,	87.9922,	
images/test3/test1023.jpg,	
0.00661642,	1,	0.639523,	364.015,	60.7861,	355.893,	88.8804,	
images/test3/test1024.jpg,	
0.00705645,	1,	0.525545,	362.198,	76.1612,	350.839,	105.266,	
images/test3/test1025.jpg,	
0.00835653,	1,	0.670333,	349.132,	114.185,	333.056,	146.741,	
images/test3/test1026.jpg,	
0.00989663,	1,	0.5339,	333.011,	165.849,	313.104,	201.414,	
images/test3/test1027.jpg,	
0.0104847,	1,	0.573727,	324.61,	192.168,	301.742,	227.417,	
images/test3/test1028.jpg,	
0.0112847,	1,	0.692036,	305.169,	242.092,	277.327,	275.352,	
images/test3/test1029.jpg,	
0.0116527,	1,	0.605832,	284.487,	282.864,	253.946,	313.759,	
images/test3/test1030.jpg,	
0.0116927,	1,	0.611521,	278.236,	293.359,	307.334,	322.248,	
images/test3/test1031.jpg,	
0.0116367,	1,	0.592974,	278.301,	293.304,	307.317,	322.363,	
images/test3/test1032.jpg,	
0.0116127,	1,	0.58992,	278.338,	293.261,	307.349,	322.403,	
images/test3/test1033.jpg,	
0.0116687,	1,	0.581964,	278.329,	293.348,	307.398,	322.364,	
images/test3/test1034.jpg,	
0.0116647,	1,	0.615022,	278.201,	293.318,	307.329,	322.103,	
images/test3/test1035.jpg,	
0.0116647,	1,	0.580201,	278.328,	293.329,	307.349,	322.403,	
images/test3/test1036.jpg,	
0.0116487,	1,	0.596332,	278.324,	293.294,	307.349,	322.403,	
images/test3/test1037.jpg,	
0.0116767,	1,	0.624573,	278.236,	293.335,	307.353,	322.153,	
images/test3/test1038.jpg,	
0.0116887,	1,	0.617713,	278.222,	293.369,	307.368,	322.213,	
images/test3/test1039.jpg,	
0.0116767,	1,	0.597974,	278.343,	293.368,	307.392,	322.534,	
images/test3/test1040.jpg,	
0.0116487,	1,	0.594677,	278.344,	293.313,	307.447,	322.361,	
images/test3/test1041.jpg,	
0.0116527,	1,	0.593144,	278.326,	293.322,	307.396,	322.402,	
images/test3/test1042.jpg,	
0.00746048,	2,	0.714966,	404.66,	266.412,	415.566,	304.303,	
0.0116407,	1,	0.614793,	278.258,	293.3,	307.333,	322.29,	
images/test3/test1043.jpg,	
0.00748048,	2,	0.704801,	404.658,	266.407,	415.551,	304.38,	
0.0116847,	1,	0.603294,	278.282,	293.366,	307.373,	322.402,	
images/test3/test1044.jpg,	
0.00730047,	2,	0.864962,	406.071,	264.883,	429.951,	293.02,	
0.0116407,	1,	0.595443,	278.335,	293.298,	307.434,	322.487,	
images/test3/test1045.jpg,	
0.00738047,	2,	0.590169,	406.311,	262.791,	385.32,	293.608,	
0.0116567,	1,	0.603485,	278.342,	293.313,	307.396,	322.402,	
images/test3/test1046.jpg,	
0.00722046,	2,	0.827424,	408.344,	259.858,	389.843,	293.019,	
0.0116847,	1,	0.593577,	278.288,	293.35,	307.351,	322.363,	
images/test3/test1047.jpg,	
0.0117007,	1,	0.617008,	278.286,	293.367,	307.306,	322.364,	
images/test3/test1048.jpg,	
0.0117167,	1,	0.626208,	278.256,	293.405,	307.328,	322.406,	
images/test3/test1049.jpg,	
0.0117047,	1,	0.610822,	278.249,	293.396,	307.33,	322.363,	
images/test3/test1050.jpg,	
0.0117047,	1,	0.667593,	278.227,	293.392,	307.33,	322.284,	
images/test3/test1051.jpg,	
0.0116807,	1,	0.61261,	278.287,	293.36,	307.331,	322.325,	
images/test3/test1052.jpg,	
0.0116887,	1,	0.632087,	278.212,	293.357,	307.334,	322.248,	
images/test3/test1053.jpg,	
0.0116767,	1,	0.608855,	278.311,	293.337,	307.36,	322.402,	
images/test3/test1054.jpg,	
0.0117047,	1,	0.62888,	278.274,	293.35,	307.355,	322.247,	
images/test3/test1055.jpg,	
0.0116047,	1,	0.603082,	266.785,	293.784,	237.453,	325.607,	
images/test3/test1056.jpg,	
0.0114767,	1,	0.730644,	177.75,	300.593,	148.149,	330.821,	
images/test3/test1057.jpg,	
0.0103287,	1,	0.813982,	102.747,	300.846,	129.924,	333.233,	
images/test3/test1058.jpg,	
0.0102167,	1,	0.762153,	101.26,	301.803,	128.449,	333.928,	
images/test3/test1059.jpg,	
0.0102487,	1,	0.848726,	101.103,	301.586,	128.043,	333.619,	
images/test3/test1060.jpg,	
0.00672843,	2,	0.819802,	415.337,	256.947,	398.145,	289.747,	
0.0102767,	1,	0.795953,	101.921,	306.891,	128.81,	340.182,	
images/test3/test1061.jpg,	
0.00669643,	2,	0.696392,	414.728,	309.045,	396.287,	342.228,	
0.00990463,	1,	0.777578,	106.281,	355.106,	131.81,	390.044,	
images/test3/test1062.jpg,	
0.00653242,	2,	0.541309,	408.464,	361.932,	390.845,	398.005,	
0.00858855,	1,	0.78207,	112.419,	400.628,	136.355,	436.391,	
images/test3/test1063.jpg,	
0.00639641,	2,	0.655212,	404.136,	374.987,	386.866,	411.318,	
0.00828853,	1,	0.767137,	114.024,	406.872,	137.898,	442.604,	
images/test3/test1064.jpg,	
0.00639641,	2,	0.518267,	404.147,	374.967,	386.996,	411.251,	
0.00828853,	1,	0.764351,	114.108,	406.978,	137.959,	442.59,	
images/test3/test1065.jpg,	
0.00647641,	2,	0.550143,	406.724,	365.016,	390.524,	401.622,	
0.00821653,	1,	0.761214,	116.596,	410.135,	144.235,	442.165,	
images/test3/test1066.jpg,	
0.00716846,	2,	0.737233,	400.382,	292.956,	395.334,	331.825,	
0.00805652,	1,	0.662256,	123.513,	421.574,	113.829,	463.616,	
images/test3/test1067.jpg,	
0.00811252,	1,	0.726613,	132.3,	424.714,	132.628,	468.162,	
images/test3/test1068.jpg,	
0.00982063,	2,	0.766706,	332.866,	189.09,	345.559,	228.271,	
0.00791651,	1,	0.658788,	148.817,	430.225,	165.606,	470.235,	
images/test3/test1069.jpg,	
0.0111327,	2,	0.728239,	290.082,	174.446,	319.227,	206.12,	
0.00793251,	1,	0.708446,	158.952,	431.538,	183.737,	466.658,	
images/test3/test1070.jpg,	
0.0111687,	2,	0.794629,	290.094,	174.11,	319.228,	205.728,	
0.00794451,	1,	0.727252,	158.915,	431.446,	183.738,	466.559,	
images/test3/test1071.jpg,	
0.0113887,	2,	0.836229,	287.475,	185.13,	317.657,	215.875,	
0.00825653,	1,	0.547394,	160.251,	425.279,	185.79,	459.571,	
images/test3/test1072.jpg,	
0.0118128,	2,	0.742744,	275.978,	263.916,	247.542,	297.63,	
0.00894457,	1,	0.730993,	156.174,	401.827,	185.142,	432.87,	
images/test3/test1073.jpg,	
0.0115167,	2,	0.660507,	268.019,	309.2,	239.533,	342.05,	
0.00915659,	1,	0.798246,	153.347,	392.916,	183.019,	423.751,	
images/test3/test1074.jpg,	
0.0107327,	2,	0.779021,	253.814,	356.665,	224.248,	387.425,	
0.00959261,	1,	0.749067,	147.642,	377.36,	177.026,	407.922,	
images/test3/test1075.jpg,	
0.0105607,	2,	0.7887,	235.23,	363.443,	206.437,	394.414,	
0.00977263,	1,	0.830663,	155.792,	375.653,	128.458,	406.29,	
images/test3/test1076.jpg,	
0.0105647,	2,	0.706012,	233.655,	361.878,	206.903,	393.81,	
0.00975662,	1,	0.817285,	153.918,	376.603,	127.5,	407.869,	
images/test3/test1077.jpg,	
0.0106567,	2,	0.676769,	233.574,	362.077,	206.471,	393.917,	
0.00990863,	1,	0.84635,	153.479,	376.634,	127.201,	407.76,	
images/test3/test1078.jpg,	
0.0106327,	2,	0.61685,	239.193,	362.68,	211.698,	394.432,	
0.00968862,	1,	0.758777,	147.058,	375.526,	121.23,	407.059,	
images/test3/test1079.jpg,	
0.0100686,	2,	0.71402,	277.647,	365.372,	250.999,	397.903,	
0.0094326,	1,	0.784456,	112.31,	374.9,	140.044,	406.633,	
images/test3/test1080.jpg,	
0.00966062,	2,	0.599817,	299.42,	366.94,	273.371,	399.973,	
0.00890457,	1,	0.775673,	94.3242,	374.802,	120.152,	407.121,	
images/test3/test1081.jpg,	
0.00912058,	2,	0.636412,	328.074,	367.74,	302.81,	401.63,	
0.00840054,	1,	0.746723,	76.193,	372.895,	99.7423,	407.675,	
images/test3/test1082.jpg,	
0.00908458,	2,	0.710217,	328.004,	367.56,	302.787,	401.274,	
0.00830853,	1,	0.543836,	76.6295,	374.062,	99.2486,	408.859,	
images/test3/test1083.jpg,	
0.00908858,	-1,	0.489109,	326.415,	364.474,	301.768,	398.312,	
0.00840854,	1,	0.611742,	76.1751,	370.932,	98.9387,	405.77,	
images/test3/test1084.jpg,	
0.00950461,	2,	0.682393,	328.543,	322.987,	304.29,	356.47,	
0.00926059,	1,	0.595116,	70.1186,	329.699,	94.3926,	362.223,	
images/test3/test1085.jpg,	
0.000600038,	-1,	0.0339577,	330.295,	241.044,	336.54,	244.636,	
0.00992063,	2,	0.763303,	328.089,	285.077,	303.442,	318.211,	
0.00954061,	1,	0.836278,	65.8576,	296.381,	89.8374,	328.525,	
images/test3/test1086.jpg,	
0.00996064,	2,	0.750986,	327.138,	201.665,	303.307,	234.832,	
0.00983663,	1,	0.881161,	62.8332,	226.964,	85.5303,	258.031,	
images/test3/test1087.jpg,	
0.00971262,	2,	0.787461,	318.414,	135.404,	295.392,	167.285,	
0.0094446,	1,	0.78623,	66.1272,	173.48,	36.2761,	201.318,	
images/test3/test1088.jpg,	
0.00967662,	2,	0.799489,	316.766,	131.091,	295.07,	163.805,	
0.0093246,	1,	0.899996,	67.0444,	167.212,	87.4833,	197.085,	
images/test3/test1089.jpg,	
0.00966462,	2,	0.829409,	316.866,	131.046,	295.192,	163.59,	
0.0093806,	1,	0.642524,	67.8505,	166.693,	88.7039,	196.373,	
images/test3/test1090.jpg,	
0.00985263,	2,	0.682545,	314.449,	132.928,	290.279,	164.061,	
0.00954461,	1,	0.860507,	71.1016,	166.974,	47.4492,	201.083,	
images/test3/test1091.jpg,	
0.00989663,	2,	0.721813,	315.985,	134.44,	331.394,	173.59,	
0.00966862,	1,	0.857903,	74.9763,	165.65,	67.8736,	206.165,	
images/test3/test1092.jpg,	
0.0100446,	2,	0.670918,	319.873,	145.667,	304.204,	183.084,	
0.00962062,	1,	0.872325,	79.2362,	158.377,	99.0298,	189.621,	
images/test3/test1093.jpg,	
0.0100086,	2,	0.781965,	319.944,	149.234,	297.002,	182.133,	
0.0093526,	1,	0.845987,	80.6733,	155.976,	53.5346,	187.557,	
images/test3/test1094.jpg,	
0.00998464,	2,	0.792474,	318.97,	149.061,	295.212,	181.337,	
0.00962062,	1,	0.802453,	80.5687,	156.222,	53.4224,	187.691,	
images/test3/test1095.jpg,	
0.0102847,	2,	0.798646,	304.456,	145.831,	335.648,	174.172,	
0.0093726,	1,	0.760438,	80.7591,	155.292,	53.7344,	186.618,	
images/test3/test1096.jpg,	
0.0108807,	2,	0.824372,	257.706,	136.377,	288.453,	166.613,	
0.0101727,	1,	0.857994,	103.971,	147.665,	78.1318,	180.473,	
images/test3/test1097.jpg,	
0.0110407,	2,	0.650768,	242.254,	136.164,	273.11,	166.835,	
0.0100566,	1,	0.852996,	114.78,	144.453,	89.1037,	177.68,	
images/test3/test1098.jpg,	
0.0112207,	2,	0.84504,	231.614,	138.121,	263.117,	168.442,	
0.0102127,	1,	0.870594,	125.159,	143.495,	97.3753,	175.276,	
images/test3/test1099.jpg,	
0.0112367,	2,	0.840609,	231.574,	138.034,	263.117,	168.442,	
0.0101807,	1,	0.886621,	125.145,	143.548,	97.3758,	175.35,	
images/test3/test1100.jpg,	
0.0112047,	2,	0.84317,	231.595,	138.106,	263.094,	168.442,	
0.0101887,	1,	0.877194,	125.185,	143.565,	97.3757,	175.327,	
images/test3/test1101.jpg,	
0.0100606,	1,	0.840091,	120.651,	140.941,	90.9388,	170.404,	
0.0113087,	2,	0.757338,	239.95,	149.562,	270.7,	181.321,	
images/test3/test1102.jpg,	
0.00976062,	1,	0.870631,	115.163,	131.555,	139.12,	161.404,	
0.0112887,	2,	0.780175,	288.241,	210.756,	318.642,	241.623,	
images/test3/test1103.jpg,	
0.0093166,	1,	0.785728,	103.948,	118.825,	127.032,	146.288,	
0.00974462,	2,	0.836521,	344.092,	291.184,	317.202,	323.196,	
images/test3/test1104.jpg,	
0.00897257,	1,	0.86762,	89.8277,	108.873,	59.5707,	136.819,	
0.00796451,	2,	0.75602,	376.477,	348.672,	352.702,	382.024,	
images/test3/test1105.jpg,	
0.00876056,	1,	0.773435,	83.5934,	105.395,	53.7429,	133.33,	
0.00710445,	2,	0.836865,	389.275,	367.583,	368.024,	402.231,	
images/test3/test1106.jpg,	
0.00860055,	1,	0.632595,	78.0519,	102.289,	47.9605,	129.858,	
0.0062444,	-1,	0.48326,	403.638,	385.737,	386.443,	422.765,	
images/test3/test1107.jpg,	
0.00856855,	1,	0.680912,	78.0757,	102.315,	47.9824,	129.806,	
0.00610039,	2,	0.506165,	404.598,	386.039,	387.494,	423.173,	
images/test3/test1108.jpg,	
0.00610839,	-1,	0.498237,	404.608,	386.011,	387.596,	423.087,	
images/test3/test1109.jpg,	
0.00610439,	2,	0.505658,	404.604,	386,	387.693,	423.018,	
images/test3/test1110.jpg,	
0.00607239,	2,	0.596359,	404.244,	385.946,	387.814,	422.861,	
images/test3/test1111.jpg,	
0.00855255,	1,	0.783379,	78.6445,	103.478,	48.9717,	131.327,	
0.00606039,	2,	0.56152,	404.332,	385.955,	387.782,	422.855,	
images/test3/test1112.jpg,	
0.00602839,	2,	0.547906,	404.323,	386.007,	387.687,	422.822,	
images/test3/test1113.jpg,	
0.00609639,	-1,	0.463366,	404.613,	385.924,	387.488,	423.03,	
images/test3/test1114.jpg,	
0.00850854,	1,	0.82451,	78.595,	103.209,	49.1072,	131.05,	
0.00607239,	2,	0.502403,	404.623,	385.946,	387.689,	422.887,	
images/test3/test1115.jpg,	
0.00852455,	1,	0.845303,	78.7766,	103.607,	48.9032,	131.339,	
0.00604439,	-1,	0.421388,	404.412,	385.953,	387.597,	422.98,	
images/test3/test1116.jpg,	
0.00850054,	1,	0.842001,	78.7798,	103.539,	49.1197,	131.202,	
0.00605239,	2,	0.762933,	404.505,	385.967,	387.687,	422.825,	
images/test3/test1117.jpg,	
0.00854055,	1,	0.852693,	78.7104,	103.574,	48.9464,	131.356,	
0.00604439,	-1,	0.458733,	404.476,	386.004,	387.596,	422.97,	
images/test3/test1118.jpg,	
0.00606839,	2,	0.671001,	404.557,	385.943,	387.689,	422.893,	
images/test3/test1119.jpg,	
0.00851254,	1,	0.853785,	78.7332,	103.526,	49.145,	131.17,	
0.00606039,	2,	0.516343,	404.517,	386.005,	387.689,	422.888,	
images/test3/test1120.jpg,	
0.00852055,	1,	0.768809,	78.6518,	103.326,	48.5517,	131.145,	
0.00608039,	2,	0.516036,	404.594,	385.961,	387.689,	422.888,	
images/test3/test1121.jpg,	
0.00853655,	1,	0.756618,	78.5183,	103.371,	49.0732,	131.276,	
0.00606439,	2,	0.549945,	404.521,	385.966,	387.687,	422.824,	
images/test3/test1122.jpg,	
0.00854855,	1,	0.869542,	78.6772,	103.3,	49.0667,	131.066,	
0.00606839,	2,	0.546655,	404.46,	385.958,	387.687,	422.833,	
images/test3/test1123.jpg,	
0.0122528,	0,	0.694347,	210.463,	262.969,	183.321,	296.136,	
0.0106487,	-1,	0.347591,	301.738,	262.427,	276.387,	294.099,	
0.00606039,	-1,	0.422726,	404.521,	385.941,	387.595,	422.923,	
images/test3/test1124.jpg,	
0.00857255,	1,	0.836894,	78.6249,	103.428,	48.8262,	131.627,	
0.0113647,	3,	0.703004,	303.896,	260.533,	276.692,	294.051,	
0.0123048,	0,	0.667178,	210.607,	262.99,	183.153,	296.169,	
0.00606839,	-1,	0.430507,	404.355,	385.968,	387.544,	422.938,	
images/test3/test1125.jpg,	
0.0113647,	3,	0.709781,	303.85,	260.509,	276.603,	294.012,	
0.0123048,	0,	0.676614,	210.556,	262.989,	183.138,	296.17,	
0.00604039,	-1,	0.432348,	404.346,	386.023,	387.534,	422.892,	
images/test3/test1126.jpg,	
0.0113847,	3,	0.638163,	304.398,	259.335,	277.444,	293.168,	
0.0123488,	0,	0.678472,	210.489,	263.015,	182.992,	296.198,	
0.00614439,	-1,	0.475291,	404.569,	385.965,	387.699,	423.213,	
images/test3/test1127.jpg,	
0.0114847,	3,	0.777179,	302.107,	240.655,	289.989,	282.193,	
0.0125128,	0,	0.76959,	215.368,	271.855,	196.709,	311.232,	
0.00614839,	2,	0.671968,	404.605,	386.462,	387.903,	423.547,	
images/test3/test1128.jpg,	
0.0118528,	3,	0.868006,	282.862,	217.884,	290.049,	260.821,	
0.0121168,	0,	0.863376,	236.835,	298.077,	242.856,	340.509,	
0.00607239,	2,	0.508347,	404.834,	386.408,	388.511,	423.61,	
images/test3/test1129.jpg,	
0.0119968,	3,	0.846865,	266.054,	202.198,	288.899,	239.553,	
0.0117808,	0,	0.81404,	259.07,	306.806,	289.202,	336.428,	
0.00602839,	2,	0.504589,	405.055,	386.389,	388.639,	423.471,	
images/test3/test1130.jpg,	
0.0120688,	3,	0.745143,	257.906,	196.759,	290.613,	226.388,	
0.0117208,	0,	0.64418,	265.117,	305.456,	239.652,	340.123,	
0.00612039,	2,	0.520698,	404.732,	386.414,	388.179,	423.549,	
images/test3/test1131.jpg,	
0.00855255,	1,	0.765347,	78.4132,	102.975,	48.8962,	130.975,	
0.0119888,	3,	0.848233,	257.43,	197.419,	227.728,	229.438,	
0.0116287,	0,	0.734953,	264.689,	305.194,	239.214,	339.75,	
0.0061724,	-1,	0.440875,	404.552,	386.064,	387.594,	423.294,	
images/test3/test1132.jpg,	
0.0119568,	3,	0.848246,	257.388,	197.478,	227.779,	229.506,	
0.0116047,	0,	0.747856,	264.763,	305.171,	239.358,	339.603,	
0.0061804,	-1,	0.459271,	404.546,	386.089,	387.601,	423.267,	
images/test3/test1133.jpg,	
0.00851254,	1,	0.762857,	77.4362,	101.73,	96.3142,	127.001,	
0.0120248,	3,	0.842612,	257.468,	197.324,	227.749,	229.416,	
0.0116687,	0,	0.729615,	264.796,	305.248,	239.321,	339.776,	
0.00616839,	2,	0.626405,	404.556,	386.28,	388.256,	423.389,	
images/test3/test1134.jpg,	
0.00972862,	1,	0.81291,	91.1961,	126.236,	113.986,	154.194,	
0.0120408,	3,	0.885751,	257.578,	197.249,	227.697,	229.334,	
0.0116727,	0,	0.718117,	264.852,	305.216,	239.359,	339.807,	
0.00687644,	2,	0.618785,	393.073,	368.234,	372.269,	403.114,	
images/test3/test1135.jpg,	
0.0110047,	1,	0.863895,	111.301,	174.229,	138.321,	204.998,	
0.0120128,	3,	0.839673,	257.578,	197.283,	227.666,	229.248,	
0.0116687,	0,	0.726962,	264.821,	305.218,	239.314,	339.828,	
0.00818852,	2,	0.700225,	375.882,	324.171,	352.45,	357.068,	
images/test3/test1136.jpg,	
0.0120448,	3,	0.88651,	257.662,	197.18,	227.753,	229.185,	
0.0117087,	1,	0.898843,	132.063,	228.844,	162.712,	260.541,	
0.00911658,	2,	0.75365,	365.704,	272.427,	341.506,	305.244,	
0.0116767,	0,	0.707851,	264.889,	305.254,	239.412,	339.929,	
images/test3/test1137.jpg,	
0.0120728,	3,	0.849756,	257.651,	197.125,	227.788,	229.155,	
0.00961262,	2,	0.548098,	359.295,	231.214,	336.051,	264.827,	
0.0118168,	1,	0.883547,	148.435,	275.797,	120.267,	306.894,	
0.0116807,	0,	0.699613,	264.848,	305.296,	239.306,	339.996,	
images/test3/test1138.jpg,	
0.0120448,	3,	0.83189,	257.549,	197.27,	227.694,	229.193,	
0.00985263,	2,	0.847764,	356.068,	215.916,	333.015,	249.786,	
0.0116727,	0,	0.724585,	264.824,	305.252,	239.277,	339.823,	
0.0113967,	1,	0.882431,	157.459,	312.594,	130.538,	343.887,	
images/test3/test1139.jpg,	
0.0119128,	3,	0.747929,	257.365,	197.607,	289.925,	226.958,	
0.00986063,	2,	0.747775,	354.981,	213.212,	332.018,	247.084,	
0.0115887,	0,	0.797748,	264.69,	305.081,	239.26,	339.5,	
0.0112087,	1,	0.864057,	159.795,	314.028,	132.692,	344.623,	
images/test3/test1140.jpg,	
0.0119768,	3,	0.841344,	257.478,	197.433,	227.674,	229.346,	
0.00960461,	2,	0.784201,	360.55,	211.935,	337.541,	244.958,	
0.0116807,	0,	0.725432,	264.806,	305.238,	239.321,	339.776,	
0.0112087,	1,	0.886371,	151.855,	313.376,	124.79,	344.77,	
images/test3/test1141.jpg,	
0.0120128,	3,	0.838588,	257.533,	197.305,	227.694,	229.193,	
0.0116367,	0,	0.737081,	264.739,	305.203,	239.305,	339.795,	
0.0108887,	1,	0.884467,	135.398,	313.181,	108.363,	343.618,	
images/test3/test1142.jpg,	
0.0120408,	3,	0.824245,	257.571,	197.278,	227.746,	229.32,	
0.00800451,	2,	0.859382,	394.071,	209.884,	374.201,	242.203,	
0.0116687,	0,	0.714098,	264.839,	305.258,	239.326,	339.904,	
0.0103887,	1,	0.895959,	110.323,	312.702,	139.41,	343.461,	
images/test3/test1143.jpg,	
0.0118888,	3,	0.729503,	257.356,	197.578,	289.926,	226.975,	
0.00672443,	2,	0.803524,	422.863,	209.892,	406.609,	240.946,	
0.0115727,	0,	0.793824,	264.667,	305.054,	239.267,	339.464,	
0.0093126,	1,	0.646543,	65.594,	313.383,	87.7981,	346.136,	
images/test3/test1144.jpg,	
0.0118888,	3,	0.731731,	257.363,	197.626,	289.882,	226.96,	
0.00669243,	2,	0.794847,	422.772,	209.755,	406.465,	241.048,	
0.0115687,	0,	0.797113,	264.695,	305.04,	239.301,	339.457,	
0.0093046,	1,	0.71725,	65.6826,	313.339,	87.7907,	346.579,	
images/test3/test1145.jpg,	
0.0119048,	3,	0.721232,	257.349,	197.57,	289.936,	226.96,	
0.00672843,	2,	0.774092,	422.89,	209.892,	406.578,	240.999,	
0.0115887,	0,	0.739263,	264.329,	305.1,	238.818,	339.583,	
0.00929659,	1,	0.832544,	65.6029,	313.292,	87.7837,	346.992,	
images/test3/test1146.jpg,	
0.0119208,	3,	0.822038,	264.3,	195.346,	235.848,	228.322,	
0.00644041,	2,	0.807351,	423.079,	209.575,	407.375,	241.108,	
0.0118248,	0,	0.764164,	238.174,	309.027,	214.476,	344.698,	
0.00900458,	1,	0.831476,	65.1197,	313.3,	87.9369,	347.346,	
images/test3/test1147.jpg,	
0.0118568,	3,	0.80134,	272.326,	194.303,	243.777,	227.311,	
0.00640441,	2,	0.881184,	423.192,	209.495,	407.564,	241.003,	
0.0119768,	0,	0.702423,	217.353,	304.03,	194.306,	339.856,	
0.0093366,	1,	0.585184,	64.071,	312.827,	86.7785,	346.459,	
images/test3/test1148.jpg,	
0.0118968,	3,	0.786282,	272.392,	194.156,	243.798,	227.306,	
0.00633241,	2,	0.910346,	422.991,	209.294,	407.613,	240.995,	
0.0120888,	0,	0.852813,	214.472,	297.852,	192.292,	334.277,	
0.0093486,	1,	0.727086,	63.0386,	312.562,	85.7484,	344.875,	
images/test3/test1149.jpg,	
0.0118368,	3,	0.806076,	271.09,	194.399,	242.515,	227.357,	
0.0122088,	0,	0.814624,	205.118,	283.006,	183.35,	319.904,	
images/test3/test1150.jpg,	
0.0118648,	3,	0.822422,	269.74,	194.355,	241.33,	227.392,	
0.0122048,	0,	0.789552,	206.905,	289.957,	183.065,	325.451,	
0.00902858,	1,	0.664824,	59.8545,	310.185,	83.7169,	342.36,	
images/test3/test1151.jpg,	
0.0116967,	3,	0.871088,	249.698,	181.817,	280.577,	213.262,	
0.00879256,	2,	0.713224,	379.469,	205.081,	406.703,	230.903,	
0.0119608,	0,	0.654853,	222.026,	311.037,	195.033,	344.1,	
0.0093726,	1,	0.809518,	76.6718,	328.954,	101.249,	363.036,	
images/test3/test1152.jpg,	
0.0113967,	3,	0.768257,	213.584,	156.991,	241.58,	190.056,	
0.00982863,	2,	0.767982,	345.641,	191.54,	372.63,	220.996,	
0.0110807,	0,	0.758594,	250.266,	343.905,	221.273,	374.875,	
0.00971262,	1,	0.818768,	112.262,	367.592,	138.188,	402.212,	
images/test3/test1153.jpg,	
0.0108887,	3,	0.840397,	194.268,	138.351,	220.287,	171.62,	
0.0102487,	2,	0.785089,	325.367,	178.525,	351.891,	210.323,	
0.0104887,	0,	0.644389,	264.151,	357.967,	233.97,	387.89,	
0.00922459,	1,	0.67033,	131.834,	385.949,	160.411,	418.117,	
images/test3/test1154.jpg,	
0.0102407,	3,	0.805555,	164.943,	98.1395,	184.885,	131.117,	
0.0105047,	2,	0.748814,	289.423,	145.058,	315.155,	179.067,	
0.00975662,	0,	0.72799,	283.037,	377.608,	309.517,	407.429,	
0.00895257,	1,	0.648132,	156.649,	406.582,	185.945,	438.296,	
images/test3/test1155.jpg,	
0.00974462,	3,	0.867066,	156.97,	84.7158,	174.561,	116.841,	
0.0104487,	2,	0.834689,	276.089,	130.694,	300.635,	165.386,	
0.0093926,	0,	0.66895,	293.083,	385.341,	318.918,	414.996,	
0.00864455,	1,	0.639346,	169.1,	416.452,	198.752,	447.363,	
images/test3/test1156.jpg,	
0.0093726,	3,	0.70971,	150.773,	71.4244,	165.577,	103.283,	
0.0104687,	2,	0.792409,	266.067,	118.856,	290.411,	153.963,	
0.00927259,	0,	0.646116,	295.302,	387.549,	320.811,	417.127,	
0.00839654,	1,	0.674334,	186.732,	429.878,	159.778,	462.79,	
images/test3/test1157.jpg,	
0.0093286,	3,	0.794524,	150.462,	71.712,	165.395,	103.463,	
0.0104127,	2,	0.803736,	266.493,	119.909,	291.77,	154.346,	
0.00914058,	0,	0.77246,	295.076,	386.659,	320.425,	416.07,	
0.00833653,	1,	0.704227,	184.612,	426.782,	160.69,	461.116,	
images/test3/test1158.jpg,	
0.0093526,	3,	0.798953,	150.419,	71.7577,	165.201,	103.462,	
0.0104207,	2,	0.853238,	266.44,	119.928,	291.774,	154.289,	
0.00916059,	0,	0.68862,	295.081,	386.639,	320.485,	416.071,	
0.00834053,	1,	0.674532,	184.619,	426.749,	160.715,	461.026,	
images/test3/test1159.jpg,	
0.0093606,	3,	0.713641,	150.353,	71.7489,	165.334,	103.471,	
0.0104167,	2,	0.85448,	266.438,	119.914,	291.673,	154.362,	
0.00915659,	0,	0.690194,	295.07,	386.632,	320.411,	416.07,	
0.00834453,	1,	0.611522,	184.591,	426.754,	160.708,	461.047,	
images/test3/test1160.jpg,	
0.0094166,	3,	0.672174,	150.444,	71.3022,	165.241,	103.204,	
0.0104567,	2,	0.831446,	266.991,	118.928,	290.899,	154.344,	
0.00878856,	0,	0.733883,	307.389,	390.544,	278.269,	421.128,	
0.00833653,	1,	0.729954,	184.613,	426.907,	160.743,	461.216,	
images/test3/test1161.jpg,	
0.0093526,	3,	0.780159,	150.567,	71.6797,	165.393,	103.575,	
0.0105607,	2,	0.827715,	261.435,	123.403,	285.074,	158.98,	
0.0077645,	0,	0.669302,	336.218,	395.074,	310.843,	427.836,	
0.00834853,	1,	0.692331,	184.663,	426.869,	160.766,	461.142,	
images/test3/test1162.jpg,	
0.0093726,	3,	0.702789,	150.43,	71.4125,	165.183,	103.327,	
0.0108247,	2,	0.889503,	250.67,	127.566,	273.808,	163.722,	
0.00652042,	0,	0.69717,	372.156,	399.724,	353.096,	436.025,	
0.00833653,	1,	0.752153,	184.579,	426.827,	160.865,	461.13,	
images/test3/test1163.jpg,	
0.0093886,	3,	0.711054,	150.402,	71.4422,	165.228,	103.254,	
0.0111487,	2,	0.867663,	229.801,	136.047,	252.782,	172.657,	
0.00544835,	0,	0.555253,	408.426,	402.614,	394.665,	441.207,	
0.00834453,	1,	0.751347,	184.561,	426.884,	160.76,	461.123,	
images/test3/test1164.jpg,	
0.0093806,	3,	0.714032,	150.403,	71.4309,	165.326,	103.211,	
0.0114487,	2,	0.832127,	215.175,	148.714,	237.04,	186.473,	
0.00571237,	0,	0.518921,	408.309,	394.794,	394.734,	433.571,	
0.00834053,	1,	0.74786,	184.613,	426.884,	160.846,	461.166,	
images/test3/test1165.jpg,	
0.0093726,	3,	0.642328,	150.372,	71.6203,	165.171,	103.534,	
0.0119928,	2,	0.883413,	151.253,	225.292,	168.03,	266.164,	
0.00806052,	0,	0.621898,	369.348,	348.816,	346.08,	382.483,	
0.00834853,	1,	0.668743,	184.615,	426.752,	160.888,	461.086,	
images/test3/test1166.jpg,	
0.0093686,	3,	0.730656,	150.294,	71.5005,	165.109,	103.338,	
0.0111847,	2,	0.852433,	119.536,	275.089,	137.326,	315.197,	
0.00922059,	0,	0.702987,	351.837,	307.816,	327.408,	340.771,	
0.00837254,	1,	0.66963,	184.56,	426.837,	160.717,	461.119,	
images/test3/test1167.jpg,	
0.0093646,	3,	0.743331,	150.334,	71.4876,	165.168,	103.201,	
0.00966062,	0,	0.794618,	341.001,	284.868,	315.605,	317.406,	
0.0110127,	2,	0.866979,	110.819,	296.809,	129.541,	336.046,	
0.00833653,	1,	0.7391,	184.562,	426.876,	160.731,	461.192,	
images/test3/test1168.jpg,	
0.0093526,	3,	0.679883,	150.357,	71.3845,	165.096,	103.259,	
0.0106847,	0,	0.802191,	313.808,	232.872,	343.384,	260.386,	
0.0101086,	2,	0.863638,	102.558,	336.856,	122.081,	375.623,	
0.00834053,	1,	0.708779,	184.526,	426.89,	160.757,	461.215,	
images/test3/test1169.jpg,	
0.0093486,	3,	0.72355,	150.327,	71.5068,	165.215,	103.237,	
0.0105367,	0,	0.651742,	296.787,	175.557,	326.675,	204.992,	
0.00898057,	2,	0.87431,	95.1395,	373.577,	114.588,	411.715,	
0.00836854,	1,	0.753038,	184.568,	426.947,	160.724,	461.17,	
images/test3/test1170.jpg,	
0.0093766,	3,	0.671314,	150.388,	71.3804,	165.096,	103.26,	
0.0103367,	0,	0.762928,	292.825,	148.889,	322.98,	178.612,	
0.00854455,	2,	0.86743,	93.5972,	387.383,	113.162,	425.722,	
0.00837254,	1,	0.812156,	184.499,	426.952,	160.731,	461.285,	
images/test3/test1171.jpg,	
0.0093486,	3,	0.77932,	150.5,	71.7263,	165.43,	103.511,	
0.0101927,	0,	0.789503,	290.823,	127.473,	320.848,	157.632,	
0.00823253,	2,	0.907532,	92.7153,	392.723,	111.156,	431.183,	
0.00832853,	1,	0.603029,	184.644,	426.673,	160.858,	461.015,	
images/test3/test1172.jpg,	
0.0093366,	3,	0.785593,	150.508,	71.7441,	165.387,	103.541,	
0.0102167,	0,	0.737398,	290.898,	127.807,	320.816,	157.807,	
0.00825253,	2,	0.77777,	92.7216,	392.714,	111.119,	431.253,	
0.00834853,	1,	0.614166,	184.607,	426.699,	160.751,	460.994,	
images/test3/test1173.jpg,	
0.0093126,	3,	0.779534,	150.548,	71.7851,	165.447,	103.567,	
0.0102007,	0,	0.619029,	290.948,	127.724,	320.829,	157.744,	
0.00821653,	2,	0.862265,	92.5916,	392.778,	110.987,	431.094,	
0.00836854,	1,	0.650224,	184.533,	426.783,	160.772,	461.154,	
images/test3/test1174.jpg,	
0.0093166,	3,	0.699242,	150.442,	71.745,	165.323,	103.576,	
0.0102407,	0,	0.623405,	290.904,	127.764,	320.827,	157.702,	
0.00820453,	2,	0.878885,	92.5747,	392.748,	110.863,	431.199,	
0.00836854,	1,	0.573239,	184.639,	426.847,	160.731,	461.165,	
images/test3/test1175.jpg,	
0.0093446,	3,	0.655734,	150.5,	71.6715,	165.464,	103.438,	
0.0102047,	0,	0.701392,	290.929,	127.612,	320.86,	157.538,	
0.00823253,	2,	0.812644,	92.6153,	392.806,	111,	431.278,	
0.00832453,	1,	0.665946,	202.77,	428.556,	178.91,	462.74,	
images/test3/test1176.jpg,	
0.00945661,	3,	0.604913,	148.144,	73.0037,	163.173,	104.984,	
0.0102807,	0,	0.763086,	291.067,	127.144,	321.169,	157.65,	
0.00825253,	2,	0.789198,	92.4637,	392.925,	110.8,	431.386,	
0.00770849,	1,	0.692607,	274.986,	432.734,	256.248,	469.877,	
images/test3/test1177.jpg,	
0.00975262,	3,	0.829854,	118.261,	94.867,	129.749,	128.951,	
0.0102647,	0,	0.77555,	291.029,	127.203,	321,	157.619,	
0.00826853,	2,	0.706903,	92.4159,	392.871,	110.843,	431.068,	
0.00682444,	1,	0.570158,	343.055,	422.185,	330.776,	462.051,	
images/test3/test1178.jpg,	
0.0102167,	0,	0.663885,	290.98,	127.384,	320.85,	157.676,	
0.00821653,	2,	0.826554,	92.6001,	392.765,	110.897,	431.471,	
0.00715646,	1,	0.713854,	361.336,	396.63,	348.839,	435.803,	
images/test3/test1179.jpg,	
0.0102367,	0,	0.700892,	290.846,	127.654,	320.857,	157.686,	
0.00843254,	1,	0.843258,	345.156,	359.404,	328.349,	396.631,	
0.00822853,	2,	0.832846,	92.6887,	392.734,	110.968,	431.378,	
images/test3/test1180.jpg,	
0.0102007,	0,	0.780152,	290.835,	127.503,	320.87,	157.601,	
0.0103567,	1,	0.827634,	290.823,	307.061,	268.125,	342.31,	
0.00822053,	2,	0.761119,	92.5311,	392.746,	110.824,	431.338,	
images/test3/test1181.jpg,	
0.0102527,	0,	0.680873,	290.876,	127.43,	320.858,	157.719,	
0.0113767,	1,	0.735857,	252.19,	277.598,	226.916,	312.001,	
0.00821253,	2,	0.62748,	92.4986,	392.831,	110.847,	431.406,	
images/test3/test1182.jpg,	
0.0102567,	0,	0.771622,	290.863,	127.385,	320.902,	157.633,	
0.0119608,	1,	0.910232,	181.598,	227.638,	152.97,	259.817,	
0.00822453,	2,	0.662595,	92.4371,	392.866,	110.805,	431.378,	
images/test3/test1183.jpg,	
0.0102487,	0,	0.803048,	290.938,	127.29,	320.889,	157.76,	
0.0113567,	1,	0.891348,	136.134,	206.426,	166.408,	236.687,	
0.00824453,	2,	0.799658,	92.503,	392.909,	110.852,	431.573,	
images/test3/test1184.jpg,	
0.0102127,	0,	0.621897,	290.881,	127.815,	320.814,	157.782,	
0.0112127,	1,	0.865478,	132.116,	205.629,	103.002,	235.678,	
0.00817652,	2,	0.825305,	92.6366,	392.796,	110.818,	431.299,	
images/test3/test1185.jpg,	
0.0102127,	0,	0.632016,	290.822,	127.869,	320.754,	157.806,	
0.0111927,	1,	0.878114,	132.14,	205.821,	103.075,	235.561,	
0.00818052,	2,	0.861122,	92.7385,	392.598,	110.991,	431.181,	
images/test3/test1186.jpg,	
0.00994464,	0,	0.729758,	293.405,	124.558,	324.696,	153.329,	
0.0112527,	1,	0.895673,	132.111,	205.717,	102.725,	235.51,	
0.00836054,	2,	0.689675,	95.4976,	396.954,	116.574,	434.133,	
images/test3/test1187.jpg,	
0.00948861,	0,	0.608887,	301.882,	111.497,	333.411,	139.169,	
0.0112287,	1,	0.847937,	132.139,	205.603,	103.074,	235.65,	
0.00820853,	2,	0.80131,	104.715,	405.712,	127.426,	442.325,	
images/test3/test1188.jpg,	
0.00906458,	0,	0.746706,	299.526,	96.8351,	331.406,	122.99,	
0.0111767,	1,	0.853666,	132.089,	205.523,	102.919,	235.898,	
0.00850054,	2,	0.789506,	141.384,	419.809,	166.899,	455.225,	
images/test3/test1189.jpg,	
0.00887657,	0,	0.709236,	264.099,	73.4192,	292.891,	100.907,	
0.0112167,	1,	0.86832,	132.097,	205.562,	103.073,	235.791,	
0.00883657,	2,	0.787274,	215.219,	411.38,	188.945,	443.047,	
images/test3/test1190.jpg,	
0.0094126,	0,	0.614678,	241.03,	72.3901,	267.49,	102.282,	
0.0112567,	1,	0.891715,	131.965,	205.549,	102.44,	235.644,	
0.00926459,	2,	0.644776,	244.547,	401.764,	220.936,	435.673,	
images/test3/test1191.jpg,	
0.0100206,	0,	0.803816,	235.013,	93.2692,	263.755,	123.54,	
0.0112447,	1,	0.893752,	132.011,	205.556,	102.619,	235.646,	
0.0094286,	2,	0.717452,	262.177,	394.937,	238.81,	429.685,	
images/test3/test1192.jpg,	
0.0113007,	0,	0.703513,	256.527,	154.179,	288.489,	184.55,	
0.0112687,	1,	0.892351,	132.014,	205.609,	102.504,	235.571,	
0.0094206,	2,	0.719771,	262.244,	394.908,	238.854,	429.627,	
images/test3/test1193.jpg,	
0.0118248,	0,	0.725727,	261.447,	189.528,	231.963,	221.977,	
0.0112487,	1,	0.876796,	131.828,	205.289,	161.531,	235.707,	
0.0094366,	2,	0.683753,	262.215,	394.982,	238.846,	429.703,	
images/test3/test1194.jpg,	
0.0112567,	1,	0.894321,	134.398,	197.687,	161.76,	230.537,	
0.0122568,	0,	0.824623,	259.479,	239.618,	290.552,	270.325,	
0.0094526,	2,	0.67359,	262.173,	395.099,	238.832,	429.956,	
images/test3/test1195.jpg,	
0.0113007,	1,	0.834618,	167.301,	169.887,	195.252,	203.149,	
0.0122488,	0,	0.814284,	254.878,	269.46,	284.362,	300.817,	
0.00945661,	2,	0.675643,	262.231,	395.054,	238.809,	429.885,	
images/test3/test1196.jpg,	
0.0114287,	1,	0.858839,	189.881,	159.081,	215.595,	194.364,	
0.0121448,	0,	0.711446,	252.518,	280.777,	281.621,	312.1,	
0.0094486,	2,	0.678062,	262.202,	395.039,	238.949,	429.854,	
images/test3/test1197.jpg,	
0.0115607,	1,	0.808009,	228.224,	159.483,	253.25,	195.89,	
0.0120408,	0,	0.815657,	246.237,	299.154,	276.506,	329.343,	
0.0094486,	2,	0.675374,	262.204,	395.095,	238.814,	429.905,	
images/test3/test1198.jpg,	
0.0118808,	1,	0.876976,	254.58,	186.308,	285.524,	218.182,	
0.0119008,	0,	0.835644,	239.17,	305.749,	269.664,	335.341,	
0.0094406,	2,	0.694384,	262.242,	394.97,	238.913,	429.753,	
images/test3/test1199.jpg,	
0.0120608,	1,	0.827377,	254.364,	201.319,	284.519,	233.04,	
0.0118048,	0,	0.773939,	238.417,	306.036,	269.072,	335.336,	
0.0094006,	2,	0.64686,	262.147,	394.666,	238.865,	429.358,	
images/test3/test1200.jpg,	
0.0121008,	1,	0.868857,	253.087,	203.777,	284.523,	234.635,	
0.0117928,	0,	0.778011,	237.659,	306.411,	267.817,	336.525,	
0.0094086,	2,	0.615068,	262.124,	394.71,	238.82,	429.471,	
