024,	907461,	-0.414773,	0.066914,	-0.132538,	-0.433753,	-0.891231,	0.398683,	0.799888,	-0.448587,	-0.068008,	0.000000,	0.000000,	
025,	907106,	-0.415409,	0.067779,	-0.132020,	-0.433715,	-0.891326,	0.399662,	0.799579,	-0.448268,	-0.099502,	0.000000,	0.000000,	
026,	907384,	-0.415065,	0.066149,	-0.133853,	-0.434561,	-0.890641,	0.398420,	0.799298,	-0.449871,	-0.013719,	0.000000,	0.000000,	
027,	906958,	-0.415919,	0.066617,	-0.133132,	-0.433093,	-0.891463,	0.399628,	0.799651,	-0.448169,	-0.180449,	0.000000,	0.000000,	
028,	860018,	-0.491293,	0.137840,	-0.095350,	-0.420109,	-0.902450,	0.501276,	0.762980,	-0.408146,	-0.093398,	0.000000,	0.000000,	
029,	855225,	-0.517074,	-0.034990,	-0.253176,	-0.357927,	-0.898771,	0.452207,	0.777511,	-0.437019,	-1.502183,	0.000000,	0.000000,	
030,	838815,	-0.543771,	-0.026520,	-0.269886,	-0.373029,	-0.887700,	0.472812,	0.751773,	-0.459659,	-1.654527,	0.000000,	0.000000,	
031,	859817,	-0.505294,	0.073439,	-0.182377,	-0.438257,	-0.880153,	0.476921,	0.743377,	-0.468974,	-0.040351,	0.000000,	0.000000,	
034,	899853,	-0.425910,	-0.094159,	-0.247616,	-0.321067,	-0.914113,	0.359098,	0.845882,	-0.394375,	-0.958123,	0.000000,	0.000000,	
035,	862564,	-0.505819,	-0.011444,	-0.212261,	-0.341247,	-0.915694,	0.459270,	0.792274,	-0.401713,	-1.576402,	0.000000,	0.000000,	
036,	850703,	-0.525470,	0.013607,	-0.193680,	-0.337410,	-0.921218,	0.488664,	0.781048,	-0.388809,	-1.256089,	0.000000,	0.000000,	
037,	851804,	-0.523148,	0.027303,	-0.187719,	-0.353477,	-0.916414,	0.489071,	0.775481,	-0.399298,	-0.329647,	0.000000,	0.000000,	
038,	848978,	-0.526473,	0.045418,	-0.178160,	-0.366090,	-0.913366,	0.497490,	0.767336,	-0.404598,	-0.187773,	0.000000,	0.000000,	
039,	849050,	-0.524682,	0.061834,	-0.163711,	-0.372569,	-0.913450,	0.502308,	0.765442,	-0.402226,	-0.363827,	0.000000,	0.000000,	
040,	847767,	-0.524893,	0.076010,	-0.156876,	-0.385073,	-0.909455,	0.506636,	0.759082,	-0.408795,	-1.193589,	0.000000,	0.000000,	
041,	849861,	-0.523871,	0.057400,	-0.164168,	-0.366662,	-0.915755,	0.500784,	0.768842,	-0.397615,	-0.811638,	0.000000,	0.000000,	
042,	849769,	-0.526506,	0.026167,	-0.180063,	-0.336555,	-0.924288,	0.495450,	0.780719,	-0.380798,	-0.778435,	0.000000,	0.000000,	
043,	848763,	-0.527539,	0.036114,	-0.172682,	-0.341087,	-0.924035,	0.499783,	0.778050,	-0.380599,	-0.197538,	0.000000,	0.000000,	
044,	846338,	-0.531211,	0.039072,	-0.173474,	-0.344251,	-0.922712,	0.503605,	0.774149,	-0.383504,	-0.014147,	0.000000,	0.000000,	
045,	847093,	-0.529778,	0.042063,	-0.171919,	-0.348062,	-0.921573,	0.502869,	0.773427,	-0.385919,	-0.280819,	0.000000,	0.000000,	
046,	844371,	-0.534224,	0.040527,	-0.176654,	-0.349026,	-0.920312,	0.505798,	0.769925,	-0.389080,	-0.024387,	0.000000,	0.000000,	
047,	843296,	-0.535999,	0.039449,	-0.175978,	-0.344732,	-0.922058,	0.507822,	0.770626,	-0.385035,	-0.934685,	0.000000,	0.000000,	
048,	843816,	-0.535300,	0.037790,	-0.179203,	-0.347463,	-0.920411,	0.505826,	0.769886,	-0.389122,	-0.377499,	0.000000,	0.000000,	
049,	851567,	-0.522883,	0.037767,	-0.167004,	-0.338858,	-0.925897,	0.496934,	0.782156,	-0.375884,	-0.015612,	0.000000,	0.000000,	
050,	856991,	-0.514052,	0.036288,	-0.166328,	-0.342563,	-0.924654,	0.487751,	0.786385,	-0.379075,	-0.739373,	0.000000,	0.000000,	
051,	860025,	-0.508700,	0.039763,	-0.160551,	-0.343754,	-0.925233,	0.484335,	0.789340,	-0.377309,	-0.238066,	0.000000,	0.000000,	
052,	855361,	-0.516655,	0.037760,	-0.163190,	-0.337918,	-0.926920,	0.491657,	0.786689,	-0.373354,	-0.522576,	0.000000,	0.000000,	
054,	854039,	-0.519377,	0.029424,	-0.173743,	-0.338095,	-0.924935,	0.490338,	0.784818,	-0.378984,	-1.884995,	0.000000,	0.000000,	
055,	854252,	-0.519381,	0.022298,	-0.178037,	-0.332586,	-0.926115,	0.488423,	0.787166,	-0.376581,	-0.501091,	0.000000,	0.000000,	
056,	862895,	-0.505181,	0.014301,	-0.180448,	-0.334406,	-0.924993,	0.472071,	0.795591,	-0.379716,	-0.106338,	0.000000,	0.000000,	
057,	860167,	-0.509988,	0.004903,	-0.190449,	-0.330108,	-0.924531,	0.473118,	0.794318,	-0.381075,	-0.172636,	0.000000,	0.000000,	
058,	862130,	-0.506589,	0.010009,	-0.187160,	-0.336747,	-0.922807,	0.470854,	0.793706,	-0.385133,	-0.023227,	0.000000,	0.000000,	
059,	862083,	-0.506625,	0.011967,	-0.186525,	-0.339175,	-0.922046,	0.471191,	0.792648,	-0.386895,	-0.043769,	0.000000,	0.000000,	
060,	863047,	-0.504986,	0.011844,	-0.187261,	-0.341639,	-0.920987,	0.469131,	0.792636,	-0.389414,	-0.021274,	0.000000,	0.000000,	
061,	863382,	-0.504462,	0.009412,	-0.189759,	-0.341942,	-0.920363,	0.467507,	0.792839,	-0.390953,	-1.170152,	0.000000,	0.000000,	
062,	860585,	-0.509285,	0.004689,	-0.196668,	-0.340791,	-0.919339,	0.469804,	0.790247,	-0.393439,	-0.012743,	0.000000,	0.000000,	
063,	859662,	-0.510839,	0.004976,	-0.196575,	-0.339764,	-0.919738,	0.471529,	0.789686,	-0.392500,	-0.025974,	0.000000,	0.000000,	
064,	859856,	-0.510492,	0.006701,	-0.194598,	-0.339852,	-0.920126,	0.471994,	0.789873,	-0.391564,	-0.991326,	0.000000,	0.000000,	
065,	860670,	-0.509060,	0.010273,	-0.191634,	-0.342557,	-0.919745,	0.471724,	0.789628,	-0.392382,	-0.012346,	0.000000,	0.000000,	
066,	857486,	-0.514466,	0.006516,	-0.200436,	-0.345687,	-0.916693,	0.473860,	0.784745,	-0.399539,	-0.696404,	0.000000,	0.000000,	
067,	876270,	-0.461452,	0.138610,	-0.063644,	-0.396013,	-0.916037,	0.477599,	0.793874,	-0.376383,	-0.041328,	0.000000,	0.000000,	
068,	891353,	-0.452817,	0.021111,	-0.170991,	-0.378989,	-0.909466,	0.419823,	0.807046,	-0.415241,	-0.012438,	0.000000,	0.000000,	
069,	945963,	-0.323564,	-0.021463,	-0.124021,	-0.299840,	-0.945894,	0.299622,	0.897442,	-0.323767,	-1.564683,	0.000000,	0.000000,	
070,	946998,	-0.320819,	-0.016415,	-0.115761,	-0.293147,	-0.949033,	0.299655,	0.900633,	-0.314748,	-1.029527,	0.000000,	0.000000,	
071,	938116,	-0.345386,	0.025434,	-0.087655,	-0.307850,	-0.947389,	0.335045,	0.886531,	-0.319074,	-0.055244,	0.000000,	0.000000,	
072,	935209,	-0.352958,	0.028377,	-0.088810,	-0.311380,	-0.946127,	0.342779,	0.882306,	-0.322551,	-0.008867,	0.000000,	0.000000,	
073,	939150,	-0.342850,	0.021243,	-0.094834,	-0.318218,	-0.943262,	0.330157,	0.883850,	-0.331369,	-0.020603,	0.000000,	0.000000,	
074,	941211,	-0.337052,	0.022762,	-0.092554,	-0.322082,	-0.942177,	0.324893,	0.884680,	-0.334343,	-0.342343,	0.000000,	0.000000,	
075,	943364,	-0.331154,	0.020013,	-0.091008,	-0.316322,	-0.944276,	0.319032,	0.888975,	-0.328545,	-0.057441,	0.000000,	0.000000,	
076,	943034,	-0.331730,	0.025331,	-0.085659,	-0.315667,	-0.944996,	0.321479,	0.888994,	-0.326101,	-1.353745,	0.000000,	0.000000,	
077,	943453,	-0.330223,	0.029149,	-0.080369,	-0.313146,	-0.946298,	0.321618,	0.890445,	-0.321978,	-0.177031,	0.000000,	0.000000,	
078,	943834,	-0.328915,	0.031504,	-0.076866,	-0.311294,	-0.947200,	0.321355,	0.891578,	-0.319093,	-0.019565,	0.000000,	0.000000,	
079,	947204,	-0.318564,	0.036348,	-0.065361,	-0.302826,	-0.950802,	0.313898,	0.898228,	-0.307660,	-0.427304,	0.000000,	0.000000,	
080,	952214,	-0.302244,	0.044009,	-0.052934,	-0.305214,	-0.950811,	0.300810,	0.903046,	-0.306628,	-0.017368,	0.000000,	0.000000,	
081,	957772,	-0.283169,	0.049880,	-0.040503,	-0.304623,	-0.951612,	0.284662,	0.909407,	-0.303228,	-0.013597,	0.000000,	0.000000,	
082,	961468,	-0.268328,	0.059823,	-0.028197,	-0.312708,	-0.949431,	0.273466,	0.911161,	-0.308225,	-0.122451,	0.000000,	0.000000,	
083,	961557,	-0.267262,	0.063087,	-0.027697,	-0.322952,	-0.946010,	0.273206,	0.907895,	-0.317939,	-0.243437,	0.000000,	0.000000,	
084,	959813,	-0.273838,	0.061413,	-0.033011,	-0.327475,	-0.944283,	0.278691,	0.904308,	-0.323355,	-0.426327,	0.000000,	0.000000,	
085,	950082,	-0.308409,	0.047200,	-0.062207,	-0.335492,	-0.939987,	0.305735,	0.890129,	-0.337930,	-1.412339,	0.000000,	0.000000,	
086,	926627,	-0.374904,	0.028455,	-0.106446,	-0.334173,	-0.936481,	0.360600,	0.864740,	-0.349561,	-0.080947,	0.000000,	0.000000,	
087,	911195,	-0.411602,	0.017548,	-0.126824,	-0.320776,	-0.938626,	0.391970,	0.853045,	-0.344491,	-0.114638,	0.000000,	0.000000,	
088,	899761,	-0.435928,	0.019935,	-0.133183,	-0.317821,	-0.938750,	0.415563,	0.841996,	-0.344021,	-0.015520,	0.000000,	0.000000,	
089,	904075,	-0.426803,	0.022107,	-0.111088,	-0.284632,	-0.952178,	0.412685,	0.858384,	-0.304742,	-0.573357,	0.000000,	0.000000,	
090,	900414,	-0.434533,	0.020872,	-0.101642,	-0.256782,	-0.961110,	0.422993,	0.863275,	-0.275377,	-1.842027,	0.000000,	0.000000,	
091,	930395,	-0.364431,	0.039437,	-0.061672,	-0.261680,	-0.963182,	0.361333,	0.893708,	-0.265941,	-0.439022,	0.000000,	0.000000,	
092,	949466,	-0.309800,	0.050376,	-0.035125,	-0.264370,	-0.963781,	0.311897,	0.913309,	-0.261892,	-0.946404,	0.000000,	0.000000,	
093,	958392,	-0.279811,	0.056487,	-0.020785,	-0.265764,	-0.963814,	0.284698,	0.922537,	-0.260522,	-0.062324,	0.000000,	0.000000,	
094,	961921,	-0.267959,	0.053907,	-0.021484,	-0.270739,	-0.962413,	0.272482,	0.924607,	-0.266187,	-0.405819,	0.000000,	0.000000,	
095,	956702,	-0.287907,	0.042787,	-0.043252,	-0.285987,	-0.957257,	0.287838,	0.913959,	-0.286057,	-0.013140,	0.000000,	0.000000,	
096,	946960,	-0.320395,	0.024763,	-0.069440,	-0.279256,	-0.957702,	0.313758,	0.905187,	-0.286693,	-0.171171,	0.000000,	0.000000,	
097,	931013,	-0.364679,	0.014944,	-0.086496,	-0.260230,	-0.961664,	0.354588,	0.894030,	-0.273821,	-0.692498,	0.000000,	0.000000,	
098,	911810,	-0.410564,	-0.006308,	-0.111248,	-0.232222,	-0.966280,	0.395255,	0.881765,	-0.257417,	-1.502183,	0.000000,	0.000000,	
099,	876701,	-0.480892,	-0.011797,	-0.125326,	-0.204664,	-0.970776,	0.464424,	0.852558,	-0.239698,	-0.056098,	0.000000,	0.000000,	
100,	853152,	-0.521443,	-0.015111,	-0.150826,	-0.218835,	-0.964035,	0.499382,	0.824748,	-0.265347,	-0.025608,	0.000000,	0.000000,	
101,	853860,	-0.520362,	-0.012102,	-0.153317,	-0.229222,	-0.961224,	0.497410,	0.822606,	-0.275503,	-0.463436,	0.000000,	0.000000,	
102,	891795,	-0.452355,	-0.008732,	-0.119674,	-0.217229,	-0.968757,	0.436325,	0.864978,	-0.247859,	-0.040473,	0.000000,	0.000000,	
103,	917599,	-0.397507,	0.000178,	-0.098574,	-0.227980,	-0.968663,	0.385091,	0.888827,	-0.248378,	-0.044380,	0.000000,	0.000000,	
104,	943280,	-0.331970,	0.004311,	-0.075774,	-0.227916,	-0.970728,	0.323235,	0.915342,	-0.240143,	-0.009447,	0.000000,	0.000000,	
105,	960626,	-0.277517,	0.013476,	-0.050728,	-0.222869,	-0.973528,	0.273174,	0.934512,	-0.228172,	-0.021274,	0.000000,	0.000000,	
106,	970911,	-0.238651,	0.019447,	-0.035310,	-0.223036,	-0.974171,	0.236824,	0.945146,	-0.224975,	-0.015062,	0.000000,	0.000000,	
107,	975551,	-0.218594,	0.022715,	-0.030384,	-0.236515,	-0.971153,	0.217661,	0.946719,	-0.237374,	-0.011248,	0.000000,	0.000000,	
109,	979510,	-0.198596,	0.033472,	-0.020689,	-0.264542,	-0.964152,	0.200331,	0.943704,	-0.263230,	-0.850701,	0.000000,	0.000000,	
110,	980172,	-0.193861,	0.041006,	-0.011090,	-0.260288,	-0.965467,	0.197840,	0.945869,	-0.257277,	-0.027622,	0.000000,	0.000000,	
111,	984646,	-0.166297,	0.053081,	0.012535,	-0.235935,	-0.971688,	0.174112,	0.957434,	-0.230228,	-1.603745,	0.000000,	0.000000,	
112,	989289,	-0.132238,	0.061804,	0.031180,	-0.222191,	-0.974505,	0.142599,	0.965994,	-0.215688,	-0.392147,	0.000000,	0.000000,	
115,	990971,	-0.125898,	0.046112,	0.007622,	-0.290467,	-0.956855,	0.133860,	0.948567,	-0.286885,	-0.026096,	0.000000,	0.000000,	
116,	986433,	-0.157806,	0.045249,	-0.004726,	-0.302810,	-0.953039,	0.164097,	0.939896,	-0.299447,	-0.031562,	0.000000,	0.000000,	
117,	982153,	-0.182676,	0.044779,	-0.015341,	-0.315091,	-0.948937,	0.187457,	0.931315,	-0.312270,	-0.277889,	0.000000,	0.000000,	
118,	978765,	-0.200987,	0.040301,	-0.034284,	-0.354337,	-0.934489,	0.202100,	0.913263,	-0.353703,	-0.647576,	0.000000,	0.000000,	
119,	976158,	-0.212459,	0.044461,	-0.038794,	-0.372296,	-0.927303,	0.213567,	0.903469,	-0.371662,	-0.479061,	0.000000,	0.000000,	
120,	972495,	-0.229946,	0.037121,	-0.054054,	-0.377820,	-0.924300,	0.226564,	0.896871,	-0.379858,	-0.248808,	0.000000,	0.000000,	
121,	966005,	-0.256739,	0.030330,	-0.073381,	-0.384798,	-0.920079,	0.247891,	0.886575,	-0.390557,	-0.012194,	0.000000,	0.000000,	
122,	955253,	-0.295022,	0.021280,	-0.091556,	-0.363323,	-0.927154,	0.281263,	0.883718,	-0.374077,	-0.235624,	0.000000,	0.000000,	
123,	950124,	-0.310593,	0.028220,	-0.090472,	-0.361088,	-0.928133,	0.298461,	0.879288,	-0.371178,	-0.007860,	0.000000,	0.000000,	
124,	940033,	-0.340095,	0.025940,	-0.103571,	-0.357076,	-0.928315,	0.324978,	0.869961,	-0.370888,	-1.275620,	0.000000,	0.000000,	
125,	929594,	-0.367337,	0.030316,	-0.101830,	-0.335000,	-0.936699,	0.354240,	0.867663,	-0.348820,	-0.025181,	0.000000,	0.000000,	
127,	919923,	-0.390915,	0.030457,	-0.099329,	-0.307480,	-0.946356,	0.379310,	0.867549,	-0.321687,	-0.398983,	0.000000,	0.000000,	
128,	912300,	-0.408912,	0.022350,	-0.110117,	-0.297509,	-0.948347,	0.394440,	0.862716,	-0.316446,	-0.136992,	0.000000,	0.000000,	
129,	906978,	-0.420926,	0.014588,	-0.113524,	-0.277672,	-0.953945,	0.405591,	0.863550,	-0.299627,	-0.275936,	0.000000,	0.000000,	
135,	937712,	-0.344005,	0.048544,	-0.064517,	-0.309730,	-0.948633,	0.341370,	0.886413,	-0.312632,	-1.572495,	0.000000,	0.000000,	
147,	923752,	-0.382460,	0.020191,	-0.109808,	-0.314988,	-0.942722,	0.366913,	0.868624,	-0.332968,	-0.136015,	0.000000,	0.000000,	
148,	907981,	-0.418986,	0.004688,	-0.139920,	-0.313728,	-0.939147,	0.394960,	0.852071,	-0.343484,	-0.058540,	0.000000,	0.000000,	
151,	858994,	-0.511664,	-0.018113,	-0.246791,	-0.382804,	-0.890256,	0.448579,	0.769195,	-0.455101,	-0.010118,	0.000000,	0.000000,	
152,	863113,	-0.504922,	-0.009517,	-0.247570,	-0.406620,	-0.879414,	0.440165,	0.761390,	-0.475962,	-0.053413,	0.000000,	0.000000,	
153,	876834,	-0.480254,	-0.022740,	-0.260658,	-0.435094,	-0.861830,	0.404004,	0.761609,	-0.506687,	-0.062324,	0.000000,	0.000000,	
154,	872823,	-0.487548,	-0.021862,	-0.265910,	-0.437522,	-0.858991,	0.409234,	0.755560,	-0.511523,	-1.490464,	0.000000,	0.000000,	
165,	905682,	-0.423895,	-0.007251,	-0.229136,	-0.475034,	-0.849611,	0.356701,	0.771139,	-0.527360,	-0.008135,	0.000000,	0.000000,	
166,	920828,	-0.389633,	-0.016207,	-0.216328,	-0.475790,	-0.852541,	0.324467,	0.788549,	-0.522409,	-1.162339,	0.000000,	0.000000,	
167,	932238,	-0.361565,	-0.014272,	-0.195275,	-0.469496,	-0.861070,	0.304632,	0.805509,	-0.508286,	-0.237578,	0.000000,	0.000000,	
168,	938051,	-0.345923,	-0.019929,	-0.194683,	-0.478603,	-0.856176,	0.286633,	0.807017,	-0.516299,	-0.240019,	0.000000,	0.000000,	
169,	941432,	-0.336936,	-0.013425,	-0.188783,	-0.493651,	-0.848923,	0.279405,	0.801737,	-0.528347,	-0.926873,	0.000000,	0.000000,	
170,	945281,	-0.325896,	-0.015337,	-0.192904,	-0.520382,	-0.831860,	0.263119,	0.789300,	-0.554774,	-0.015612,	0.000000,	0.000000,	
171,	951798,	-0.306679,	0.005300,	-0.169853,	-0.541381,	-0.823442,	0.255401,	0.782850,	-0.567376,	-0.926873,	0.000000,	0.000000,	
172,	959974,	-0.279042,	0.024178,	-0.150596,	-0.587012,	-0.795448,	0.236157,	0.759969,	-0.605539,	-0.154570,	0.000000,	0.000000,	
173,	965564,	-0.259134,	0.023163,	-0.139495,	-0.590807,	-0.794662,	0.219609,	0.764066,	-0.606609,	-0.330624,	0.000000,	0.000000,	
174,	979052,	-0.203349,	0.010351,	-0.101917,	-0.533436,	-0.839678,	0.176269,	0.821033,	-0.542986,	-0.217558,	0.000000,	0.000000,	
175,	977621,	-0.207249,	0.036119,	-0.098267,	-0.601684,	-0.792666,	0.186012,	0.771378,	-0.608585,	-0.397030,	0.000000,	0.000000,	
176,	985025,	-0.167755,	0.039798,	-0.077542,	-0.637220,	-0.766771,	0.153990,	0.752203,	-0.640685,	-0.047187,	0.000000,	0.000000,	
177,	994350,	-0.103683,	0.022740,	-0.047374,	-0.625186,	-0.779036,	0.094990,	0.773558,	-0.626566,	-0.053779,	0.000000,	0.000000,	
178,	995232,	-0.096535,	0.013909,	-0.040653,	-0.540220,	-0.840541,	0.088656,	0.835969,	-0.541569,	-0.024387,	0.000000,	0.000000,	
179,	986591,	-0.163193,	-0.002585,	-0.105741,	-0.627038,	-0.771778,	0.124328,	0.761703,	-0.635886,	-0.029941,	0.000000,	0.000000,	
180,	977900,	-0.208774,	-0.011143,	-0.141411,	-0.621233,	-0.770761,	0.153992,	0.755303,	-0.637027,	-0.063857,	0.000000,	0.000000,	
181,	971847,	-0.235416,	-0.009655,	-0.141245,	-0.549312,	-0.823594,	0.188584,	0.801770,	-0.567098,	-1.205308,	0.000000,	0.000000,	
183,	967007,	-0.253796,	0.022031,	-0.129528,	-0.564298,	-0.815347,	0.219364,	0.785592,	-0.578553,	-0.314999,	0.000000,	0.000000,	
184,	974061,	-0.222492,	0.041260,	-0.101574,	-0.592840,	-0.798889,	0.202207,	0.773975,	-0.600062,	-0.133085,	0.000000,	0.000000,	
185,	986954,	-0.157012,	0.035624,	-0.053147,	-0.526579,	-0.848463,	0.151977,	0.835501,	-0.528054,	-0.490780,	0.000000,	0.000000,	
188,	994532,	-0.075274,	0.072391,	0.016845,	-0.568466,	-0.822534,	0.103067,	0.819256,	-0.564090,	-0.055366,	0.000000,	0.000000,	
190,	998106,	-0.001618,	0.061504,	0.048944,	-0.584847,	-0.809665,	0.037280,	0.811142,	-0.583660,	-0.991326,	0.000000,	0.000000,	
193,	989476,	0.140675,	-0.033869,	0.042486,	-0.506217,	-0.861359,	-0.138317,	0.850855,	-0.506867,	-0.924920,	0.000000,	0.000000,	
194,	982876,	0.183929,	-0.011201,	0.077691,	-0.468748,	-0.879909,	-0.167091,	0.863971,	-0.475011,	-0.073379,	0.000000,	0.000000,	
195,	980531,	0.195209,	-0.021275,	0.074584,	-0.470460,	-0.879264,	-0.181649,	0.860558,	-0.475860,	-0.866326,	0.000000,	0.000000,	
196,	959978,	0.279568,	-0.016832,	0.122071,	-0.471742,	-0.873246,	-0.252072,	0.836242,	-0.486989,	-0.046211,	0.000000,	0.000000,	
198,	963258,	0.264647,	-0.045795,	0.109647,	-0.543140,	-0.832452,	-0.245179,	0.796845,	-0.552201,	-0.047676,	0.000000,	0.000000,	
199,	954651,	0.295668,	-0.034966,	0.125547,	-0.506267,	-0.853189,	-0.269963,	0.810107,	-0.520429,	-0.856560,	0.000000,	0.000000,	
200,	950302,	0.308551,	-0.041512,	0.129450,	-0.512867,	-0.848652,	-0.283143,	0.801101,	-0.527320,	-1.244370,	0.000000,	0.000000,	
201,	934411,	0.348813,	-0.072143,	0.156823,	-0.584722,	-0.795932,	-0.319815,	0.732414,	-0.601073,	-1.744370,	0.000000,	0.000000,	
202,	933361,	0.346171,	-0.094888,	0.155047,	-0.627250,	-0.763229,	-0.323726,	0.697655,	-0.639123,	-0.030430,	0.000000,	0.000000,	
203,	909311,	0.413832,	-0.043553,	0.197374,	-0.521079,	-0.830373,	-0.366330,	0.746471,	-0.555503,	-0.020237,	0.000000,	0.000000,	
204,	938739,	0.340774,	-0.051407,	0.148527,	-0.534651,	-0.831918,	-0.310980,	0.773318,	-0.552512,	-1.787339,	0.000000,	0.000000,	
205,	980075,	0.189476,	-0.059597,	0.066885,	-0.597343,	-0.799192,	-0.187027,	0.779282,	-0.598114,	-0.639763,	0.000000,	0.000000,	
206,	968752,	0.246554,	-0.027028,	0.109364,	-0.522414,	-0.845649,	-0.222618,	0.816269,	-0.533054,	-0.114394,	0.000000,	0.000000,	
207,	943450,	0.330852,	-0.020965,	0.135831,	-0.443472,	-0.885936,	-0.302411,	0.832988,	-0.463333,	-0.007982,	0.000000,	0.000000,	
210,	965477,	0.260380,	0.007545,	0.094373,	-0.322642,	-0.941805,	-0.242793,	0.910003,	-0.336076,	-0.022800,	0.000000,	0.000000,	
211,	983698,	0.179531,	-0.010284,	0.071011,	-0.440354,	-0.895011,	-0.165211,	0.879691,	-0.445925,	-1.775620,	0.000000,	0.000000,	
212,	949072,	0.315019,	-0.005034,	0.124612,	-0.390005,	-0.912342,	-0.289368,	0.865251,	-0.409398,	-0.197050,	0.000000,	0.000000,	
213,	968755,	0.247929,	0.006623,	0.081480,	-0.292924,	-0.952658,	-0.234252,	0.923432,	-0.303973,	-0.151640,	0.000000,	0.000000,	
216,	992905,	0.116959,	0.021460,	0.080494,	-0.528247,	-0.845267,	-0.087525,	0.840997,	-0.533913,	-0.018589,	0.000000,	0.000000,	
217,	998323,	-0.002068,	-0.057857,	-0.050039,	-0.533438,	-0.844358,	-0.029117,	0.845837,	-0.532646,	-0.075088,	0.000000,	0.000000,	
218,	994231,	-0.060749,	-0.088398,	-0.105951,	-0.427915,	-0.897587,	0.016701,	0.901775,	-0.431883,	-0.032905,	0.000000,	0.000000,	
219,	992169,	-0.064432,	-0.107005,	-0.121687,	-0.305346,	-0.944434,	0.028178,	0.950059,	-0.310795,	-0.018955,	0.000000,	0.000000,	
224,	974742,	0.210536,	0.074513,	0.104996,	-0.137528,	-0.984917,	-0.197113,	0.967864,	-0.156160,	-0.018039,	0.000000,	0.000000,	
226,	997314,	0.050293,	0.053247,	0.061378,	-0.177186,	-0.982262,	-0.039966,	0.982892,	-0.179797,	-0.118789,	0.000000,	0.000000,	
227,	998779,	-0.024497,	0.042909,	0.037140,	-0.200522,	-0.978985,	0.032586,	0.979383,	-0.199367,	-1.166245,	0.000000,	0.000000,	
229,	992225,	0.115560,	0.046203,	0.075128,	-0.260191,	-0.962630,	-0.099220,	0.958617,	-0.266850,	-0.226347,	0.000000,	0.000000,	
231,	969260,	-0.239259,	0.057356,	0.001910,	-0.225792,	-0.974174,	0.246030,	0.944337,	-0.218394,	-0.134062,	0.000000,	0.000000,	
232,	998537,	-0.049830,	0.020976,	0.009778,	-0.215134,	-0.976536,	0.053174,	0.975312,	-0.214332,	-0.102675,	0.000000,	0.000000,	
233,	995750,	0.090077,	0.019189,	0.040293,	-0.238734,	-0.970249,	-0.082816,	0.966898,	-0.241348,	-0.037422,	0.000000,	0.000000,	
234,	994412,	0.096676,	0.042412,	0.065077,	-0.245014,	-0.967333,	-0.083126,	0.964687,	-0.249936,	-0.688591,	0.000000,	0.000000,	
235,	995975,	0.072335,	0.052931,	0.068975,	-0.241392,	-0.967973,	-0.057241,	0.967728,	-0.245410,	-1.029527,	0.000000,	0.000000,	
236,	995990,	0.072861,	0.051917,	0.067487,	-0.230895,	-0.970636,	-0.058734,	0.970247,	-0.234886,	-1.955308,	0.000000,	0.000000,	
237,	995130,	0.074916,	0.064058,	0.079507,	-0.225939,	-0.970891,	-0.058262,	0.971256,	-0.230796,	-0.429257,	0.000000,	0.000000,	
238,	998359,	0.023745,	0.052118,	0.056192,	-0.230276,	-0.971502,	-0.011067,	0.972836,	-0.231233,	-0.009355,	0.000000,	0.000000,	
239,	998986,	-0.030157,	0.033425,	0.025396,	-0.235545,	-0.971532,	0.037171,	0.971396,	-0.234540,	-0.324764,	0.000000,	0.000000,	
240,	990938,	-0.133443,	0.015293,	-0.018797,	-0.250506,	-0.967933,	0.132995,	0.958874,	-0.250744,	-1.217027,	0.000000,	0.000000,	
241,	945008,	-0.326231,	-0.023077,	-0.108621,	-0.246524,	-0.963030,	0.308482,	0.912578,	-0.268403,	-0.792107,	0.000000,	0.000000,	
242,	941855,	-0.334323,	-0.033722,	-0.145817,	-0.316243,	-0.937405,	0.302731,	0.887817,	-0.346606,	-0.055244,	0.000000,	0.000000,	
243,	954966,	-0.293422,	-0.044076,	-0.163520,	-0.396495,	-0.903356,	0.247589,	0.869882,	-0.426620,	-0.046943,	0.000000,	0.000000,	
244,	955151,	-0.291198,	-0.053770,	-0.177544,	-0.417833,	-0.891007,	0.236992,	0.860593,	-0.450794,	-0.081679,	0.000000,	0.000000,	
245,	918279,	-0.390114,	-0.067633,	-0.213738,	-0.344639,	-0.914079,	0.333286,	0.853835,	-0.399857,	-0.008623,	0.000000,	0.000000,	
246,	873278,	-0.479504,	-0.086375,	-0.258333,	-0.305384,	-0.916518,	0.413097,	0.822688,	-0.390557,	-1.490464,	0.000000,	0.000000,	
247,	902468,	-0.426459,	-0.060691,	-0.230277,	-0.358563,	-0.904657,	0.364038,	0.830400,	-0.421796,	-0.024326,	0.000000,	0.000000,	
248,	922455,	-0.381854,	-0.057133,	-0.216426,	-0.388839,	-0.895524,	0.319744,	0.838446,	-0.441330,	-0.805779,	0.000000,	0.000000,	
249,	920599,	-0.387404,	-0.049153,	-0.206653,	-0.376494,	-0.903077,	0.331350,	0.841529,	-0.426658,	-0.232206,	0.000000,	0.000000,	
250,	922024,	-0.384094,	-0.048416,	-0.205514,	-0.379639,	-0.902019,	0.328080,	0.841633,	-0.428972,	-0.397030,	0.000000,	0.000000,	
251,	923623,	-0.380277,	-0.048053,	-0.204687,	-0.383340,	-0.900641,	0.324073,	0.841688,	-0.431900,	-0.054634,	0.000000,	0.000000,	
252,	924619,	-0.377731,	-0.048974,	-0.204184,	-0.383000,	-0.900899,	0.321541,	0.842989,	-0.431256,	-0.429257,	0.000000,	0.000000,	
253,	923961,	-0.379372,	-0.048709,	-0.205029,	-0.383746,	-0.900390,	0.322891,	0.841912,	-0.432349,	-0.044868,	0.000000,	0.000000,	
254,	924415,	-0.378362,	-0.047951,	-0.203028,	-0.381764,	-0.901685,	0.322857,	0.843266,	-0.429727,	-0.199980,	0.000000,	0.000000,	
255,	920090,	-0.388517,	-0.049884,	-0.207928,	-0.376506,	-0.902779,	0.331964,	0.841010,	-0.427203,	-0.016392,	0.000000,	0.000000,	
256,	902602,	-0.427951,	-0.046565,	-0.221588,	-0.369148,	-0.902568,	0.369065,	0.824977,	-0.428022,	-0.021030,	0.000000,	0.000000,	
257,	880834,	-0.471501,	-0.042653,	-0.239412,	-0.365902,	-0.899332,	0.408429,	0.802373,	-0.435181,	-0.039619,	0.000000,	0.000000,	
258,	855564,	-0.515344,	-0.049291,	-0.265305,	-0.354703,	-0.896548,	0.444548,	0.780132,	-0.440195,	-0.120986,	0.000000,	0.000000,	
259,	836512,	-0.545849,	-0.047926,	-0.275348,	-0.343122,	-0.898026,	0.473743,	0.764405,	-0.437324,	-0.104384,	0.000000,	0.000000,	
260,	826724,	-0.559279,	-0.061118,	-0.284176,	-0.321355,	-0.903313,	0.485564,	0.764159,	-0.424605,	-0.076552,	0.000000,	0.000000,	
261,	818654,	-0.568922,	-0.078320,	-0.286130,	-0.285826,	-0.914567,	0.497931,	0.771123,	-0.396778,	-0.952263,	0.000000,	0.000000,	
262,	818187,	-0.567158,	-0.094352,	-0.280525,	-0.250545,	-0.926570,	0.501872,	0.784576,	-0.364095,	-0.124160,	0.000000,	0.000000,	
263,	813014,	-0.570381,	-0.116935,	-0.284775,	-0.214368,	-0.934318,	0.507850,	0.792914,	-0.336714,	-0.024875,	0.000000,	0.000000,	
264,	808879,	-0.574262,	-0.126247,	-0.285757,	-0.196296,	-0.937982,	0.513866,	0.794790,	-0.322879,	-1.884995,	0.000000,	0.000000,	
265,	795821,	-0.591769,	-0.128370,	-0.287608,	-0.182841,	-0.940133,	0.532870,	0.785098,	-0.315706,	-0.637810,	0.000000,	0.000000,	
266,	770299,	-0.625316,	-0.124977,	-0.301093,	-0.183893,	-0.935696,	0.562123,	0.758395,	-0.329931,	-1.845933,	0.000000,	0.000000,	
267,	773238,	-0.621341,	-0.126645,	-0.307367,	-0.192562,	-0.931904,	0.554643,	0.759510,	-0.339876,	-1.748277,	0.000000,	0.000000,	
268,	780843,	-0.610679,	-0.131742,	-0.305649,	-0.189521,	-0.933092,	0.544851,	0.768865,	-0.334640,	-0.023716,	0.000000,	0.000000,	
269,	789296,	-0.600094,	-0.129999,	-0.294565,	-0.184306,	-0.937690,	0.538742,	0.778408,	-0.322239,	-0.191679,	0.000000,	0.000000,	
270,	804046,	-0.579970,	-0.130938,	-0.286599,	-0.185109,	-0.939998,	0.520933,	0.793328,	-0.315054,	-0.758904,	0.000000,	0.000000,	
271,	840924,	-0.525272,	-0.130138,	-0.269531,	-0.198013,	-0.942414,	0.469254,	0.827575,	-0.308091,	-0.922966,	0.000000,	0.000000,	
272,	861340,	-0.491260,	-0.129451,	-0.254562,	-0.196838,	-0.946812,	0.439650,	0.848480,	-0.294600,	-0.040718,	0.000000,	0.000000,	
273,	877920,	-0.461047,	-0.129200,	-0.242421,	-0.195308,	-0.950309,	0.412903,	0.865616,	-0.283232,	-0.069472,	0.000000,	0.000000,	
274,	864501,	-0.487087,	-0.124035,	-0.252126,	-0.206753,	-0.945350,	0.434823,	0.848528,	-0.301545,	-0.010210,	0.000000,	0.000000,	
275,	841223,	-0.528208,	-0.115501,	-0.257442,	-0.203443,	-0.944635,	0.475466,	0.824383,	-0.307124,	-0.011888,	0.000000,	0.000000,	
276,	814655,	-0.568939,	-0.112455,	-0.267145,	-0.196028,	-0.943508,	0.514754,	0.798675,	-0.311684,	-0.027317,	0.000000,	0.000000,	
277,	773135,	-0.625060,	-0.107528,	-0.285594,	-0.191720,	-0.938978,	0.566302,	0.756666,	-0.326738,	-0.008837,	0.000000,	0.000000,	
318,	585081,	-0.585194,	-0.561451,	-0.774613,	-0.198281,	-0.600549,	0.240113,	0.786278,	-0.569309,	-0.233183,	0.000000,	0.000000,	
319,	588577,	-0.566406,	-0.576855,	-0.780188,	-0.210965,	-0.588898,	0.211859,	0.796667,	-0.566072,	-1.818589,	0.000000,	0.000000,	
321,	582751,	-0.550724,	-0.597582,	-0.789054,	-0.207541,	-0.578205,	0.194409,	0.808474,	-0.555496,	-0.694451,	0.000000,	0.000000,	
362,	614341,	-0.604561,	-0.507042,	-0.728670,	-0.188173,	-0.658506,	0.302695,	0.774014,	-0.556128,	-1.400620,	0.000000,	0.000000,	
363,	606214,	-0.631816,	-0.483025,	-0.731935,	-0.205658,	-0.649597,	0.311088,	0.747338,	-0.587121,	-0.105117,	0.000000,	0.000000,	
364,	548687,	-0.682957,	-0.482196,	-0.786336,	-0.225699,	-0.575097,	0.283935,	0.694716,	-0.660871,	-0.380429,	0.000000,	0.000000,	
366,	601501,	-0.524885,	-0.602240,	-0.767529,	-0.170609,	-0.617893,	0.221575,	0.833900,	-0.505486,	-0.263241,	0.000000,	0.000000,	
367,	622912,	-0.547324,	-0.558943,	-0.724844,	-0.135066,	-0.675543,	0.294247,	0.825950,	-0.480859,	-0.512810,	0.000000,	0.000000,	
368,	639150,	-0.636191,	-0.432144,	-0.669710,	-0.184138,	-0.719431,	0.378121,	0.749236,	-0.543756,	-1.275620,	0.000000,	0.000000,	
369,	688070,	-0.564438,	-0.456036,	-0.679307,	-0.280058,	-0.678314,	0.255150,	0.776516,	-0.576126,	-0.140898,	0.000000,	0.000000,	
370,	701965,	-0.497981,	-0.509176,	-0.687332,	-0.286362,	-0.667511,	0.186599,	0.818543,	-0.543294,	-0.024814,	0.000000,	0.000000,	
372,	700992,	-0.474343,	-0.532550,	-0.660230,	-0.149299,	-0.736075,	0.269643,	0.867588,	-0.417833,	-0.211210,	0.000000,	0.000000,	
373,	627808,	-0.578810,	-0.520419,	-0.711253,	-0.154995,	-0.685636,	0.316190,	0.800597,	-0.508987,	-0.013170,	0.000000,	0.000000,	
374,	609437,	-0.597298,	-0.521365,	-0.729835,	-0.165756,	-0.663224,	0.309723,	0.784704,	-0.536947,	-0.055976,	0.000000,	0.000000,	
375,	631382,	-0.577981,	-0.517006,	-0.725529,	-0.204888,	-0.656985,	0.273796,	0.789911,	-0.548704,	-0.092910,	0.000000,	0.000000,	
376,	646612,	-0.570247,	-0.506667,	-0.690214,	-0.154553,	-0.706908,	0.324805,	0.806803,	-0.493528,	-0.029087,	0.000000,	0.000000,	
377,	656872,	-0.550113,	-0.515650,	-0.676162,	-0.127146,	-0.725699,	0.333654,	0.825354,	-0.455484,	-0.981560,	0.000000,	0.000000,	
378,	617738,	-0.527159,	-0.583527,	-0.741447,	-0.143195,	-0.655554,	0.262023,	0.837615,	-0.479318,	-1.459214,	0.000000,	0.000000,	
380,	574313,	-0.564179,	-0.593184,	-0.760860,	-0.100479,	-0.641090,	0.302087,	0.819516,	-0.486967,	-0.029575,	0.000000,	0.000000,	
381,	566285,	-0.604208,	-0.560583,	-0.718069,	-0.027792,	-0.695417,	0.404597,	0.796342,	-0.449601,	-0.682732,	0.000000,	0.000000,	
382,	553031,	-0.617840,	-0.558954,	-0.721830,	-0.020272,	-0.691773,	0.416074,	0.786042,	-0.457186,	-1.408433,	0.000000,	0.000000,	
383,	537949,	-0.639581,	-0.549133,	-0.730497,	-0.028592,	-0.682317,	0.420696,	0.768192,	-0.482594,	-0.126738,	0.000000,	0.000000,	
385,	530866,	-0.656326,	-0.536114,	-0.734830,	-0.041372,	-0.676989,	0.422145,	0.753343,	-0.504250,	-0.749138,	0.000000,	0.000000,	
386,	533911,	-0.662046,	-0.525960,	-0.736642,	-0.058836,	-0.673719,	0.415088,	0.747150,	-0.519104,	-0.015612,	0.000000,	0.000000,	
387,	555308,	-0.646943,	-0.522588,	-0.729132,	-0.076497,	-0.680084,	0.399999,	0.758692,	-0.514186,	-0.098769,	0.000000,	0.000000,	
389,	565381,	-0.635739,	-0.525529,	-0.744700,	-0.119498,	-0.656614,	0.354635,	0.762598,	-0.540997,	-0.224394,	0.000000,	0.000000,	
391,	568216,	-0.651023,	-0.503289,	-0.753827,	-0.166570,	-0.635610,	0.329963,	0.740557,	-0.585406,	-0.030491,	0.000000,	0.000000,	
392,	549296,	-0.662189,	-0.509685,	-0.765095,	-0.153285,	-0.625406,	0.336010,	0.733491,	-0.590837,	-1.498277,	0.000000,	0.000000,	
393,	513730,	-0.697083,	-0.500157,	-0.752677,	-0.086390,	-0.652698,	0.411776,	0.711767,	-0.569059,	-0.192656,	0.000000,	0.000000,	
394,	519378,	-0.696328,	-0.495353,	-0.741275,	-0.078720,	-0.666569,	0.425157,	0.713394,	-0.557056,	-0.739373,	0.000000,	0.000000,	
395,	545949,	-0.645171,	-0.534503,	-0.743366,	-0.078748,	-0.664233,	0.386453,	0.759969,	-0.522591,	-0.117568,	0.000000,	0.000000,	
397,	535383,	-0.674272,	-0.508647,	-0.710208,	-0.033450,	-0.703197,	0.457132,	0.737725,	-0.496782,	-0.033393,	0.000000,	0.000000,	
398,	512135,	-0.707284,	-0.487306,	-0.712094,	-0.032411,	-0.701335,	0.480249,	0.706186,	-0.520252,	-0.296444,	0.000000,	0.000000,	
399,	488640,	-0.730239,	-0.477475,	-0.713018,	-0.018829,	-0.700893,	0.502829,	0.682932,	-0.529874,	-0.624138,	0.000000,	0.000000,	
400,	491783,	-0.728398,	-0.477060,	-0.704867,	-0.011379,	-0.709248,	0.511186,	0.685060,	-0.519019,	-0.011919,	0.000000,	0.000000,	
401,	539174,	-0.665090,	-0.516669,	-0.690972,	0.001407,	-0.722881,	0.481508,	0.746762,	-0.458800,	-0.482968,	0.000000,	0.000000,	
402,	562938,	-0.633414,	-0.530931,	-0.680634,	0.009137,	-0.732566,	0.468869,	0.773759,	-0.425980,	-0.872185,	0.000000,	0.000000,	
404,	591411,	-0.600944,	-0.537679,	-0.680249,	-0.013757,	-0.732852,	0.433006,	0.799173,	-0.416928,	-0.430233,	0.000000,	0.000000,	
406,	643647,	-0.544685,	-0.537622,	-0.660993,	-0.041563,	-0.749240,	0.385755,	0.837610,	-0.386785,	-0.132109,	0.000000,	0.000000,	
408,	778608,	-0.471131,	-0.414495,	-0.530824,	-0.142232,	-0.835461,	0.334657,	0.870520,	-0.360831,	-0.028660,	0.000000,	0.000000,	
409,	857374,	-0.410203,	-0.310875,	-0.427952,	-0.232589,	-0.873361,	0.285949,	0.881837,	-0.374963,	-0.104140,	0.000000,	0.000000,	
410,	943538,	-0.255525,	-0.210814,	-0.298319,	-0.378757,	-0.876099,	0.144018,	0.889523,	-0.433599,	-0.232206,	0.000000,	0.000000,	
411,	981765,	-0.169105,	-0.086835,	-0.150506,	-0.412424,	-0.898474,	0.116124,	0.895159,	-0.430355,	-0.282772,	0.000000,	0.000000,	
413,	996734,	-0.076797,	-0.024971,	-0.055574,	-0.427975,	-0.902080,	0.058590,	0.900522,	-0.430845,	-0.058784,	0.000000,	0.000000,	
414,	998853,	-0.033007,	-0.034680,	-0.046030,	-0.462888,	-0.885221,	0.013165,	0.885802,	-0.463876,	-0.956170,	0.000000,	0.000000,	
415,	997440,	0.012469,	-0.070407,	-0.056681,	-0.462375,	-0.884871,	-0.043588,	0.886597,	-0.460485,	-1.568589,	0.000000,	0.000000,	
416,	995902,	-0.024795,	-0.086977,	-0.088122,	-0.482466,	-0.871471,	-0.020355,	0.875564,	-0.482673,	-0.017673,	0.000000,	0.000000,	
418,	998000,	-0.045092,	-0.044307,	-0.060906,	-0.498041,	-0.865012,	0.016939,	0.865980,	-0.499791,	-0.055122,	0.000000,	0.000000,	
419,	999414,	-0.031521,	-0.013365,	-0.027559,	-0.509015,	-0.860316,	0.020315,	0.860180,	-0.509586,	-0.106338,	0.000000,	0.000000,	
420,	999305,	-0.036764,	-0.006083,	-0.024103,	-0.513224,	-0.857916,	0.028418,	0.857467,	-0.513753,	-0.606560,	0.000000,	0.000000,	
421,	999578,	-0.029060,	0.000570,	-0.014206,	-0.505568,	-0.862670,	0.025357,	0.862297,	-0.505768,	-1.814683,	0.000000,	0.000000,	
422,	999892,	-0.013702,	-0.005285,	-0.011580,	-0.514331,	-0.857514,	0.009032,	0.857482,	-0.514434,	-0.029880,	0.000000,	0.000000,	
423,	999844,	-0.013986,	-0.010819,	-0.016468,	-0.513683,	-0.857822,	0.006440,	0.857866,	-0.513833,	-0.095595,	0.000000,	0.000000,	
424,	999176,	-0.036645,	-0.017451,	-0.033892,	-0.516699,	-0.855496,	0.022333,	0.855382,	-0.517515,	-1.189683,	0.000000,	0.000000,	
425,	992620,	-0.078516,	-0.092420,	-0.118787,	-0.476132,	-0.871314,	0.024408,	0.875861,	-0.481945,	-0.073623,	0.000000,	0.000000,	
426,	977254,	-0.107347,	-0.182897,	-0.211903,	-0.459783,	-0.862378,	0.008481,	0.881519,	-0.472072,	-0.084121,	0.000000,	0.000000,	
522,	263126,	-0.955752,	0.131543,	-0.335261,	-0.218434,	-0.916453,	0.904635,	0.197041,	-0.377902,	-0.077773,	0.000000,	0.000000,	
