0 1 0.48077
0 2 0.57500
0 3 0.00000
0 36 0.48000
0 37 0.93333
0 99 0.66667
0 100 0.00000
0 101 0.70000
0 102 0.67273
0 103 0.83562
0 104 0.86842
0 105 0.51515
1 2 0.51261
1 3 0.62069
1 4 0.63636
1 36 0.00000
1 37 0.54545
1 38 0.85714
1 101 0.78049
1 102 0.71429
1 103 0.86667
1 104 0.80263
1 105 0.68116
2 3 0.46309
2 4 0.48889
2 5 0.00000
2 39 0.94595
2 79 0.75000
2 80 0.00000
2 101 0.52381
2 103 0.83333
2 104 0.76000
2 105 0.82927
2 106 0.75000
3 4 0.32292
3 5 0.23077
3 6 0.00000
3 39 0.75000
3 79 0.55172
3 80 0.53659
3 103 0.81481
3 105 0.86364
3 106 0.57265
4 5 0.27801
4 6 0.33673
4 7 0.50000
4 8 0.64000
4 41 0.56522
4 43 0.70000
4 79 0.59140
4 80 0.73810
4 106 0.58757
5 6 0.35473
5 7 0.41237
5 8 0.40000
5 9 0.62069
5 41 0.77419
5 43 0.80952
5 67 0.70588
5 79 0.85621
5 80 0.69608
5 81 0.00000
5 106 0.64062
5 107 0.64000
6 7 0.42703
6 8 0.42857
6 9 0.42424
6 10 0.75758
6 11 0.80000
6 41 0.59459
6 42 0.82609
6 43 0.69048
6 67 0.66667
6 71 0.78947
6 79 0.60000
6 80 0.44444
6 81 0.50000
6 106 0.55556
6 107 0.50000
6 108 0.65217
6 109 0.55000
7 8 0.43048
7 9 0.29710
7 10 0.44643
7 11 0.63415
7 12 0.73913
7 27 0.82353
7 41 0.66265
7 42 0.65517
7 43 0.78400
7 45 0.80000
7 67 0.76271
7 71 0.76471
7 79 0.65217
7 81 0.49727
7 82 0.81818
7 83 0.79310
7 106 0.00000
7 107 0.62222
7 108 0.45714
7 109 0.74699
8 9 0.39385
8 10 0.49242
8 11 0.50649
8 12 0.51163
8 26 0.90476
8 27 0.88000
8 28 1.00000
8 29 0.90476
8 41 0.94231
8 42 0.52381
8 43 0.85635
8 44 0.82353
8 45 0.72727
8 67 0.93750
8 70 0.77778
8 71 0.71429
8 79 0.42308
8 81 0.76562
8 82 0.82051
8 83 0.89130
8 84 0.90000
8 107 0.51613
8 109 0.59341
9 10 0.33913
9 11 0.51938
9 12 0.41860
9 27 0.89286
9 28 0.89286
9 29 0.92593
9 30 0.96875
9 31 0.88889
9 41 0.91304
9 43 0.95610
9 44 0.63415
9 45 0.83249
9 56 0.90909
9 67 0.81890
9 71 0.75410
9 81 0.64957
9 82 0.90071
9 83 0.84071
9 84 0.89062
9 94 0.90000
9 95 1.00000
9 96 0.89474
9 107 0.54167
9 109 0.46970
10 11 0.36336
10 12 0.52747
10 13 0.40000
10 27 0.96429
10 28 0.97143
10 29 0.94444
10 30 1.00000
10 31 0.95000
10 43 0.87273
10 44 0.79545
10 45 0.84170
10 56 0.96774
10 67 0.78873
10 71 0.86957
10 81 0.67073
10 82 0.93056
10 83 0.85802
10 84 0.81250
10 85 0.83333
10 95 0.92000
10 109 0.53846
11 12 0.45797
11 13 0.37288
11 27 0.78947
11 28 0.96154
11 29 0.97059
11 30 0.97222
11 31 1.00000
11 43 0.76471
11 44 0.84211
11 45 0.72881
11 46 0.70492
11 56 0.94286
11 67 0.70588
11 71 0.89320
11 81 0.97297
11 82 0.81443
11 83 0.89474
11 84 0.88496
11 85 0.64583
11 95 0.95000
11 96 0.86364
12 13 0.46708
12 14 0.54688
12 15 0.71429
12 16 0.63158
12 17 0.66667
12 30 0.90909
12 31 0.95000
12 46 0.86875
12 71 0.69565
12 72 0.84615
12 82 0.78261
12 83 0.81250
12 84 0.85586
12 85 0.47107
13 14 0.49379
13 15 0.54639
13 16 0.70588
13 17 0.82051
13 18 0.72222
13 46 0.99091
13 47 0.85714
13 72 0.73333
13 84 0.60784
13 85 0.56383
13 86 0.63158
14 15 0.57225
14 16 0.44961
14 17 0.83077
14 18 0.75000
14 46 1.00000
14 47 0.93750
14 72 0.97143
14 74 0.72222
14 85 0.38356
14 86 0.62727
14 87 0.62500
15 16 0.63616
15 17 0.61856
15 18 0.70213
15 74 0.91304
15 85 0.62500
15 86 0.59574
15 87 0.70238
16 17 0.49118
16 18 0.45238
16 19 0.44444
16 74 0.97143
16 86 0.50000
16 87 0.80000
16 88 0.45070
17 18 0.53598
17 19 0.37500
17 20 0.38462
17 49 0.74194
17 74 0.87500
17 86 0.57692
17 87 0.56098
17 88 0.73832
17 89 0.76667
18 19 0.48551
18 20 0.44444
18 21 0.62500
18 49 0.96774
18 86 0.00000
18 87 0.50000
18 88 0.77016
18 89 0.50893
18 91 0.66667
19 20 0.59269
19 21 0.59184
19 49 0.88889
19 50 0.81250
19 74 0.87097
19 87 0.77778
19 88 0.55714
19 89 0.65493
19 90 0.58824
19 91 0.69032
20 21 0.50000
20 22 0.46875
20 23 0.68750
20 49 0.66667
20 50 0.77273
20 74 0.94737
20 88 0.00000
20 89 0.56000
20 90 0.75000
20 91 0.83051
21 22 0.42515
21 23 0.66667
21 24 0.00000
21 50 0.84211
21 88 0.75000
21 90 0.81818
21 91 0.60360
21 93 0.00000
22 23 0.42262
22 24 0.65625
22 25 0.00000
22 49 0.77778
22 50 0.86364
22 90 0.87097
22 91 0.70000
22 92 0.57143
22 93 0.63889
23 24 0.42616
23 25 0.44444
23 26 0.00000
23 50 0.65000
23 54 0.91304
23 91 0.88889
23 92 0.94737
23 93 0.54444
24 25 0.46729
24 26 0.44444
24 27 0.58824
24 92 0.75510
24 93 0.62500
25 26 0.29381
25 27 0.31707
25 28 0.55000
25 92 0.45238
26 27 0.49845
26 28 0.54321
26 29 0.75758
26 30 0.91667
26 31 0.96154
26 81 1.00000
26 94 0.65672
26 95 0.93103
26 96 0.89286
26 97 0.92308
26 98 0.97143
27 28 0.37209
27 29 0.69600
27 30 0.91346
27 31 0.95161
27 51 0.88889
27 56 0.92308
27 81 0.96296
27 82 0.93750
27 83 0.96774
27 84 1.00000
27 94 0.74528
27 95 0.97183
27 96 0.98462
27 97 0.94737
27 98 0.95556
28 29 0.41118
28 30 0.84277
28 31 0.94937
28 56 0.98333
28 81 0.92308
28 82 1.00000
28 83 0.94737
28 84 0.93103
28 94 0.91765
28 95 0.93388
28 96 1.00000
28 97 0.91667
28 98 0.94444
29 30 0.55986
29 31 0.87097
29 56 0.89286
29 81 1.00000
29 82 0.97561
29 83 0.96000
29 84 0.97619
29 94 0.98551
29 95 0.73026
29 96 0.95833
29 97 0.96154
29 98 0.95556
30 31 0.64216
30 32 0.43750
30 56 0.95000
30 57 0.77778
30 81 1.00000
30 82 1.00000
30 83 0.98039
30 84 1.00000
30 85 0.95652
30 94 0.98592
30 95 1.00000
30 96 0.97391
30 97 0.91304
30 98 0.93421
31 32 0.39333
31 56 0.88889
31 57 0.97561
31 82 0.96000
31 83 1.00000
31 84 0.97619
31 85 1.00000
31 94 1.00000
31 95 1.00000
31 96 0.97297
31 97 0.95918
31 98 0.94505
32 33 0.38983
32 57 0.92308
32 85 0.95238
32 97 0.42308
32 98 0.64634
33 34 0.40870
33 97 0.52174
33 99 0.51429
34 35 0.51456
34 37 0.00000
34 38 0.61538
34 58 0.97561
34 99 0.90000
34 100 0.60000
34 101 0.68182
35 36 0.36000
35 37 0.61905
35 38 0.68750
35 39 0.78947
35 76 0.81250
35 90 0.00000
35 99 0.72222
35 101 0.81250
36 37 0.35714
36 38 0.76471
36 102 0.68421
36 103 0.50980
36 105 0.66667
37 38 0.51613
37 105 0.79167
38 39 0.72222
38 76 0.86667
38 104 0.79412
39 40 0.59091
40 41 0.56875
40 42 0.83333
40 65 0.95652
40 75 0.48649
41 42 0.83077
41 43 0.76119
41 45 0.85294
41 65 0.95918
41 67 0.92929
41 71 0.83871
41 79 0.75758
41 80 0.73684
41 81 0.40000
41 109 0.92308
42 43 0.98730
42 44 0.51429
42 45 0.61111
42 65 0.80000
43 44 0.54839
43 45 0.75472
43 46 0.70000
43 65 0.83333
43 67 0.93237
43 71 0.81818
43 80 0.78261
43 81 0.62121
43 109 0.82456
44 45 0.84099
44 56 0.93103
44 68 0.88000
44 71 0.92500
44 81 0.88000
44 82 0.98592
44 83 0.92000
44 84 0.80952
45 46 0.46341
45 67 0.76699
45 68 0.84286
45 71 0.81210
45 72 0.77778
45 81 0.59375
45 82 0.53571
45 83 0.77778
45 84 0.42857
45 109 0.91667
46 56 0.89474
46 57 0.97297
46 71 0.92857
46 72 0.78261
46 84 0.75000
46 85 0.96833
47 48 0.68750
47 74 0.89474
47 86 0.94595
49 50 0.94231
49 88 0.95294
49 91 0.95918
50 91 0.74359
50 93 0.95714
51 52 0.86705
51 53 0.92683
52 53 0.71293
53 95 0.85714
54 92 0.96721
55 56 0.94643
56 57 0.63265
56 82 0.98361
56 83 0.97727
56 84 0.98462
56 94 0.97619
56 95 0.97917
56 96 1.00000
56 97 0.89474
56 98 0.88889
57 84 0.89474
57 97 0.90625
57 98 0.95000
58 59 0.97959
58 101 0.93939
65 67 0.97576
65 68 0.93878
65 70 0.94118
65 71 0.75758
65 79 0.85714
65 106 0.78947
67 68 0.76271
67 71 0.66443
67 72 0.72222
67 80 0.90625
67 81 0.79747
67 82 0.63636
67 107 0.89474
67 108 0.80000
67 109 0.81818
68 71 0.89286
69 70 0.97692
71 72 0.77778
71 81 1.00000
71 82 0.80328
71 84 0.88571
71 109 0.70833
72 74 0.89610
72 84 0.89655
72 85 0.75000
73 74 0.90741
74 86 0.83486
74 87 0.84444
74 88 0.90909
74 89 0.74286
79 80 0.86020
79 81 0.43333
79 106 0.98214
80 81 0.94000
80 106 0.83333
81 82 0.70238
81 83 0.93220
81 84 0.98611
81 94 0.93333
81 95 0.96875
81 96 0.76471
81 97 0.94118
81 107 0.86364
81 108 0.78261
81 109 0.72414
82 83 0.76333
82 84 0.93827
82 85 0.90000
82 94 0.94118
82 95 0.98039
82 96 1.00000
82 97 0.88889
82 109 0.87500
83 84 0.86134
83 85 0.87879
83 94 0.89655
83 95 1.00000
83 96 0.96429
83 97 0.95455
84 85 0.87500
84 94 0.86957
84 95 0.97059
84 96 0.95455
84 97 0.97436
84 98 0.97222
85 86 0.78333
85 87 0.61458
85 97 0.95455
85 98 1.00000
86 87 1.00000
86 88 0.52000
86 89 0.72500
87 88 0.72727
87 89 0.55140
88 89 0.58333
88 90 0.76471
88 91 0.86207
89 90 0.79167
90 91 1.00000
90 92 0.00000
90 93 0.68750
91 92 0.54167
92 93 0.99659
93 94 0.00000
94 95 0.88387
94 96 0.96330
94 97 0.98182
94 98 0.95402
95 96 1.00000
95 97 0.96000
95 98 0.90476
96 97 0.95775
96 98 0.98374
97 98 1.00000
98 99 0.00000
98 100 0.00000
99 100 0.78673
99 101 0.54545
99 102 0.73077
100 101 0.68750
100 102 0.95833
101 102 0.98126
101 103 0.76667
101 104 0.53968
101 105 0.72727
102 104 0.60606
103 104 0.98182
103 105 1.00000
104 105 1.00000
105 106 0.00000
106 107 0.62069
106 108 0.52381
107 108 0.58268
107 109 0.40000
108 109 0.47514
